2935 1
2037 1
3249 1
2739 1
3636 1
3015 1
2869 1
2652 1
2421 1
4787 1
2822 1
2862 1
2841 1
1676 2
2969 1
3243 1
4795 1
4654 1
3415 1
1475 1
2690 1
2297 1
1769 2
2488 1
1624 1
1432 1
4350 1
3104 1
2658 1
2148 1
2360 1
1780 1
2397 1
1487 4
4885 1
2426 1
2451 2
2214 1
2341 1
4348 1
4566 1
3549 1
2205 1
2254 1
3346 1
2160 1
3619 1
3294 1
3290 1
4053 1
2878 1
2175 2
3529 1
2747 1
3601 1
2541 1
3945 1
2803 1
4027 2
3775 1
1675 2
3527 1
3017 1
2342 1
3474 1
3100 1
4696 1
2358 1
4644 1
3280 1
3656 1
6773 1
1588 3
4123 1
2794 1
3317 1
2661 1
1738 3
4736 1
3736 1
2649 2
4749 1
1799 3
2771 2
2533 1
5066 1
2860 1
2456 1
2586 1
2080 1
3480 1
2258 1
1835 2
2954 1
3054 1
3986 1
3240 1
1781 3
3021 1
1541 2
4585 1
1579 2
8091 1
1539 1
7252 1
4524 1
1350 1
3469 1
2331 1
4708 1
3041 1
3161 1
2159 1
2832 1
2621 1
2433 3
2738 2
894 3
3321 1
3944 1
1335 2
2949 1
2636 1
2239 2
2399 1
1788 2
2521 1
4457 1
4297 1
3306 1
3766 1
2554 1
4259 1
5057 1
4721 1
4358 1
4415 1
2799 1
2639 1
3499 1
2532 1
4202 1
1413 3
2797 2
4693 1
2173 1
4825 1
4244 1
2041 3
2002 1
1463 1
3514 1
2243 1
1503 3
2821 1
4705 1
3573 1
3461 1
4541 1
2596 1
3254 1
1721 1
2818 1
1881 2
3068 1
1494 1
4168 1
3393 1
3261 1
4129 1
4023 1
2875 1
2995 1
2831 1
4920 1
3397 1
3079 1
4927 1
2602 1
3914 2
1690 1
2472 1
4662 1
1723 1
4332 1
1625 1
3803 1
2882 2
4768 1
4121 1
2056 1
4904 1
4416 1
1633 2
3786 1
3360 1
2190 1
1902 1
4490 1
1219 2
3112 1
3962 1
4397 1
2411 3
2348 1
3555 1
3533 1
4410 1
2592 1
3239 2
4260 2
2078 1
4509 1
4985 1
2814 1
2130 1
3299 1
3884 1
4148 1
4951 1
1790 3
2495 1
2770 2
3288 1
1518 2
4127 1
1733 3
1791 2
4399 1
4462 2
3032 3
4667 1
2909 1
2641 1
3501 1
3174 2
2926 1
2383 2
3537 2
3420 1
1757 3
2989 1
2120 3
1929 2
2381 1
3277 1
4992 1
1756 1
2549 2
4402 2
4535 1
4482 1
4041 1
1102 5
4791 1
3472 2
3144 1
3574 1
1311 1
4087 1
2876 1
1961 2
3522 2
2905 1
4160 1
3772 1
2625 1
2450 4
2458 2
3942 2
3207 2
2236 1
2170 2
3481 1
3879 2
4645 1
6795 1
2241 1
3908 1
3505 1
1416 4
3511 1
4967 1
2598 2
1497 4
5053 1
4445 1
5036 1
3700 1
2184 1
2379 1
2941 1
2470 2
1272 6
3988 1
4230 2
2817 1
3108 1
2775 1
2112 1
3936 1
4060 2
1932 2
4302 1
1573 4
2249 3
1599 3
1747 1
2312 1
3539 1
3265 2
2868 2
2229 1
1860 1
3168 1
3569 1
4266 2
3057 2
2321 1
4663 1
2946 2
4000 1
3503 1
5063 1
2940 1
3825 1
3187 1
3287 1
3552 2
2151 1
4120 1
1931 1
4219 1
3105 1
2465 1
4552 1
2874 1
3690 1
1821 2
2449 1
2296 1
4325 1
3023 1
3282 1
1976 2
1960 2
2858 1
3024 1
3526 1
3697 1
3154 1
2967 3
4264 1
4849 3
1577 1
2310 2
3028 1
4059 1
2196 1
2730 1
1764 4
1987 2
4343 1
2486 2
3890 1
4090 1
4488 1
4778 1
1802 2
2367 1
2988 2
4107 1
2177 2
1770 2
2743 1
4655 1
3956 1
1822 1
4373 1
4340 1
3123 1
3203 1
3000 2
1461 3
3826 2
4534 1
3034 1
2733 1
2340 1
3938 1
3195 1
3134 1
3457 1
1906 3
3090 1
2703 2
4448 2
4473 1
3347 1
4898 1
3006 1
2106 1
1218 4
4083 3
4345 1
3091 1
4589 1
3073 1
4384 1
3087 1
4914 1
3072 1
4563 1
4269 1
4616 2
4308 1
4859 1
4020 1
1978 2
4375 1
4108 1
3279 1
4200 2
4222 1
3084 1
1535 2
3984 1
3742 1
2910 1
4133 1
2757 2
5060 1
3875 3
2213 3
3058 2
2727 2
4486 1
2833 1
4852 1
4497 1
2459 1
5040 1
2455 1
2128 2
1515 4
5044 2
3064 2
1598 2
1361 2
3328 2
2471 3
2961 1
2453 1
7540 1
2855 1
2979 1
2038 3
3046 1
2445 1
2847 1
3497 1
2118 2
3802 2
3500 1
4847 1
4912 1
2382 1
2485 2
1995 2
3076 2
3042 2
3455 2
3518 2
3676 1
2873 1
859 7
3102 1
3442 1
3622 1
8382 1
3738 1
3368 2
3377 1
2761 2
3158 1
1333 1
4742 1
4650 1
3535 2
1608 3
3683 2
2011 3
4856 1
3754 1
2779 1
4446 1
1982 1
1857 2
3318 1
3886 1
3468 1
3101 1
3341 1
4523 1
3259 2
3234 2
2692 1
2420 3
2487 3
4631 1
4203 1
4461 1
3036 1
4294 1
4459 1
2796 1
3007 1
2394 3
2654 1
7741 1
1528 2
2219 1
2618 1
4435 1
3098 1
2903 1
1393 3
2172 1
2428 3
1326 1
3865 2
4239 2
2330 1
1945 1
1903 5
1561 1
4636 1
4689 1
2446 1
3887 1
2538 2
1529 2
2886 1
3080 1
1584 1
1890 2
1842 3
1240 1
2647 1
5058 1
2523 2
6766 1
1679 2
3543 1
2759 1
4046 1
2737 2
4991 1
3785 2
7879 1
2792 2
3752 1
2327 1
2513 1
2526 3
1592 4
2191 3
3661 2
2325 2
2401 2
2209 1
1729 3
2857 2
3149 1
1710 4
3696 2
4886 1
4677 1
4878 1
2323 1
1324 3
1986 5
3132 1
2104 4
2879 2
2824 1
1674 1
2696 1
2498 1
4754 1
7248 1
2161 3
3588 2
3733 2
1444 3
4722 1
2828 2
4158 1
4672 2
3391 2
2155 2
2848 1
1268 4
6355 1
4622 2
3114 1
3751 2
2413 1
3323 1
1728 3
1701 6
1595 2
4031 1
4317 2
3850 2
4268 1
3039 1
6798 1
1711 2
3324 1
3465 1
4142 1
2385 2
1591 3
2308 2
4748 1
2699 1
6693 1
1606 4
1934 4
4131 1
2819 1
4844 1
2790 1
2463 1
3921 2
3051 1
1447 4
2335 4
1752 3
2145 2
2146 2
1851 2
3495 3
4001 1
3558 1
4049 1
2834 1
5061 1
3593 1
3374 3
1665 4
2020 1
4660 2
4213 1
4475 1
3170 1
3292 1
1818 5
2780 1
1969 3
2655 2
1440 5
2147 1
1855 3
8340 1
3253 2
4423 2
4925 1
3637 2
3348 1
1138 8
1936 1
4367 2
2483 3
3385 1
2218 2
2138 2
4889 1
1659 4
1484 1
1351 6
3025 1
1918 2
1536 4
4777 1
4740 1
4634 1
3215 2
2416 1
4857 2
4611 1
4418 1
4342 1
2477 2
2140 2
1279 4
3891 2
2405 2
3896 1
2686 3
3779 1
7506 1
3130 1
3523 1
1593 4
1557 2
1966 4
3566 2
4792 1
2437 1
2894 1
2578 2
2576 2
1941 3
4247 1
2431 2
1970 1
3997 1
1290 4
4211 1
2117 3
2457 2
2311 1
3631 2
1949 2
2732 1
2050 2
5009 1
2252 3
3460 3
3223 1
2204 4
2659 2
4638 1
3236 1
2127 1
3175 1
2980 3
3248 1
2812 2
3600 1
1935 1
977 4
2929 1
2077 3
2933 2
1560 2
2103 2
863 11
2257 2
4398 1
3821 1
1345 3
3094 2
2575 1
3147 1
4576 1
3934 2
3987 1
2150 2
1797 1
2611 3
4088 1
3753 1
3063 1
2924 4
6715 1
1628 5
1007 7
3829 1
2895 1
2306 2
1352 2
4047 1
3061 3
1284 4
1905 3
2226 3
2577 1
3924 1
1460 3
2795 1
3778 1
3181 2
2121 2
1108 4
4871 2
1604 6
3304 2
6447 1
1360 3
4045 2
2709 2
1264 5
4692 2
2247 3
1056 7
2023 2
2000 5
2566 1
1926 1
4901 1
2067 1
4540 1
2301 2
3734 2
8732 1
4668 1
4172 1
4062 2
2507 5
4864 1
3095 4
3117 1
2542 2
4181 2
4396 1
1531 6
4354 1
3546 1
2631 3
2496 2
3220 1
1129 5
2725 1
3907 1
4371 1
2343 2
2423 2
3022 1
1900 3
1374 4
1919 1
2620 2
4254 1
3097 1
3723 1
1798 3
7895 1
2808 2
4043 2
4258 1
3467 1
3336 1
1384 6
2153 4
1894 3
4594 1
4471 2
4956 1
1684 2
2551 2
2199 2
3088 3
1719 4
4186 1
1213 8
1234 7
1939 3
3190 1
4428 1
1368 5
3293 1
2448 2
2290 2
2100 1
4569 2
4287 2
4944 1
3081 2
3606 1
4163 1
3333 1
2700 1
3116 2
1551 3
4016 1
1859 1
4111 1
3990 1
3982 1
1064 10
6151 1
1337 3
1113 8
4040 1
3963 1
4193 2
3148 2
1395 2
2633 1
3554 3
2562 1
4319 2
3244 2
1893 4
1302 4
4071 1
911 7
5998 1
2767 1
4195 1
1666 3
6753 1
3579 1
1685 3
3768 1
5043 1
2283 4
4895 2
4030 1
2439 2
2630 2
1778 3
3834 1
3647 3
4516 1
909 6
3935 1
3083 1
2945 2
2751 1
2193 1
2396 1
1547 2
2033 3
4144 2
2094 3
3885 1
3800 1
4491 1
1754 2
4642 1
2769 2
3830 1
3308 1
4458 1
5005 1
4909 2
4775 1
2086 1
2447 2
4919 2
2113 4
4479 2
4237 1
2350 6
2436 1
1459 3
3797 1
3045 2
3315 3
4024 2
2684 2
1872 1
3356 2
4652 1
1409 7
3197 1
4943 1
2129 2
4210 1
4326 3
2574 1
1840 3
3841 1
3109 2
1540 2
4596 2
3545 1
1394 3
1178 5
3430 2
3429 1
1299 5
4151 1
4966 1
2029 4
4680 1
1878 2
3833 1
4913 1
3922 1
1813 5
1523 3
4724 1
2144 2
4743 1
2108 1
2600 2
4466 1
4581 1
1334 5
2272 1
7967 1
3225 1
4018 1
3375 2
3521 1
2222 1
1914 4
2677 1
4334 1
4013 3
3937 1
2351 1
2429 2
1775 3
4831 1
2580 2
4715 1
2289 3
4511 1
2755 3
3864 1
2424 3
2688 3
1359 5
1499 8
2393 2
3052 1
4314 2
2248 2
3274 1
3245 1
3655 2
4157 1
1907 5
3289 3
1456 2
2679 2
3587 1
3086 1
3747 1
2404 1
7115 1
1763 2
2902 4
2567 2
3454 2
4238 1
1706 5
1555 2
3629 1
2101 1
4917 1
4161 2
2731 2
1682 3
1488 2
2977 1
2552 2
2597 2
3670 2
6920 1
1833 1
5067 1
4707 2
6337 1
1250 5
2255 2
3844 3
3238 2
2167 4
1008 4
4818 1
1785 3
2081 1
4468 1
4141 1
3331 2
1096 6
2462 2
3412 4
3227 2
2244 5
3531 1
7938 1
1623 1
2512 2
3842 1
2089 3
2142 4
2505 1
2036 3
1381 5
3447 1
8534 1
2897 2
2353 1
7440 1
3565 1
1476 4
5086 2
3698 1
2907 1
3183 3
4130 1
1433 2
2369 2
4362 1
1596 4
2238 5
1506 2
4275 2
2228 3
4717 1
3213 1
4759 2
1768 4
3940 1
1651 3
3312 2
5070 1
4106 2
2668 3
2484 3
1944 3
4440 1
3199 1
3067 3
3812 1
3672 1
2563 1
4628 1
4481 1
1581 4
3767 2
3515 1
3192 1
4369 1
1135 7
2938 1
1221 4
4299 1
4401 2
2569 1
1858 3
2744 1
3668 1
2800 2
4659 1
2854 2
3609 2
1259 6
2478 4
4739 1
4935 2
4101 1
1035 6
3889 1
7761 1
2674 1
3577 3
2676 2
2656 4
5014 2
3487 3
947 9
5088 2
3722 3
4084 1
2280 2
2277 1
2718 3
2883 2
2479 2
3582 1
1947 3
3372 2
4932 2
2634 2
1876 3
2061 3
4032 1
1832 3
3033 2
2388 1
2695 4
4352 1
4119 2
3137 2
4065 1
3811 2
1052 5
2964 1
4767 1
672 17
1217 3
2192 2
2965 2
2364 3
2334 3
4116 1
2520 2
2395 1
2006 1
2604 1
1868 3
1750 4
4978 2
3296 2
4562 1
4115 4
3980 1
2804 3
5065 1
3027 1
2234 3
3185 3
4089 1
1999 4
1950 2
3932 1
3390 2
3159 1
4456 1
3504 1
4530 3
2736 1
2607 3
2116 3
2055 2
1389 1
3311 4
3715 1
4372 2
5055 1
1517 5
2754 3
4608 1
2624 2
4551 1
2333 4
4570 1
1642 2
3650 3
1692 2
1123 8
1296 6
6657 2
1570 4
1952 1
2091 3
4262 1
3866 1
1897 1
1607 4
2608 1
8260 1
3173 1
2240 3
2181 4
3338 2
881 8
4653 2
3014 1
3365 1
2671 3
4993 1
1597 4
1619 6
4162 2
7704 1
3550 2
4579 1
4478 1
4646 1
3008 1
3993 2
5083 1
3252 1
4941 1
1507 3
2271 2
3961 2
3272 2
1826 2
6913 1
1787 3
1036 7
4455 1
2702 2
1971 2
3482 1
3602 1
4330 1
3246 1
2601 3
3217 2
4757 1
4504 1
4874 2
1771 2
2669 1
8850 1
3763 2
3538 1
5023 2
2729 2
4298 2
4472 1
1664 4
1830 3
2837 2
2183 2
3210 1
4822 2
3816 1
2951 1
3756 1
3596 1
3256 1
2587 2
2008 5
1059 10
2918 3
3827 1
1796 4
3218 2
4261 1
1920 2
4834 1
2891 2
2132 3
2925 2
4867 3
2122 3
2232 4
4797 1
4321 2
1956 2
1480 3
3567 2
4204 1
1587 2
4955 2
2425 1
3416 2
2030 2
3594 2
4837 1
2853 1
1933 4
4206 4
7939 1
2852 2
2920 3
4105 1
4091 1
3939 5
4537 1
3623 1
3251 2
2082 3
2839 2
1667 2
2179 3
3954 2
4936 2
3484 1
2908 4
2966 3
2468 2
2650 1
4846 1
1525 5
1735 5
2009 4
2666 2
3319 1
1688 2
591 22
1340 6
1974 3
3855 2
3044 2
1442 4
4683 2
3060 3
3714 3
1609 2
2712 1
2863 1
1845 3
1765 5
4890 1
2200 3
2705 2
2556 1
1883 4
2610 2
2378 1
1594 5
1636 2
1365 5
1446 2
1580 3
1439 5
2565 1
1385 6
3682 3
1928 4
4998 1
3695 2
3011 2
3099 2
3276 1
3427 3
1258 4
4335 2
2293 5
3943 1
1807 2
2997 3
1546 3
1426 4
4995 1
2930 2
3492 3
2613 2
1583 4
2991 1
3611 1
5069 1
3476 1
4033 2
9120 1
2644 2
3967 3
2164 3
2793 1
1411 2
6498 1
4697 2
6224 1
1137 8
2657 1
2550 2
1348 6
1025 6
1748 1
2564 2
1495 3
2384 5
2615 3
2319 2
5864 1
777 9
2032 3
1492 6
1992 2
922 13
2440 2
2013 2
2809 2
1136 9
1327 4
2111 2
1565 5
655 22
1341 4
4682 1
1261 1
1921 2
3597 1
825 13
1514 6
819 15
3663 1
1566 3
7371 1
2284 2
2500 2
2410 2
3093 2
4525 1
3250 1
1834 3
3709 1
4893 2
3694 2
2044 5
1066 6
1235 10
3269 3
2263 1
2198 2
1869 7
2402 4
8158 1
3071 2
2917 2
4786 2
2640 1
2762 1
3267 3
1103 7
4199 1
1100 12
1164 3
1744 5
1501 8
2693 3
3536 4
3120 1
1483 3
6375 1
1288 6
2742 3
4763 3
2392 1
1981 4
4122 1
2519 2
3297 1
3512 3
1843 1
3228 4
1979 1
2278 2
2706 2
1977 2
1465 2
3053 2
3839 1
4700 2
4017 1
3765 1
1005 9
3692 1
2403 2
992 6
2034 3
2842 3
1699 3
1839 9
3394 3
1650 7
2561 1
4085 1
2370 4
3769 1
3305 1
2499 1
4356 2
3229 1
1718 4
3012 4
2391 1
1712 2
4026 4
1367 4
1590 4
4703 1
3085 2
2698 2
8358 1
2573 1
4790 1
3387 1
2474 1
2605 6
1510 3
4752 2
2713 1
3172 2
5018 1
3070 1
3528 1
3142 1
2253 2
7340 1
4054 1
4215 1
3182 2
3373 1
3128 3
4750 1
4702 1
3029 3
4140 3
1647 3
4066 1
2250 3
2632 2
2444 3
3796 2
4910 1
4593 1
2180 2
7267 1
6530 1
1443 2
2065 3
3999 1
3675 2
986 3
3745 1
2266 2
7521 1
2434 1
2178 3
6462 1
1375 7
4430 2
6952 1
1865 2
2529 1
1888 3
1537 4
3118 1
1500 6
4301 1
1924 5
2084 2
628 25
6532 1
1445 4
1190 6
3919 3
1159 11
6924 1
1837 6
3392 2
4292 2
3897 1
4996 1
1975 2
1321 4
2195 1
3792 2
2467 1
2524 3
697 14
2171 1
1186 7
2787 2
1801 2
6258 1
1171 5
1247 6
2274 4
5017 1
887 17
1220 8
1428 3
733 18
1400 4
4420 1
3143 1
4561 1
8243 1
3156 2
2320 4
3595 1
1714 4
3449 1
2085 3
3445 1
2827 2
1567 3
3453 1
3378 1
7202 1
2115 3
3003 3
4923 2
4320 1
4821 3
2811 1
1823 6
4460 3
4678 1
4512 1
3583 2
1863 5
1603 3
1468 4
2867 1
1418 3
3759 1
4907 3
3444 2
4278 1
1549 4
3686 1
4690 1
1145 9
2782 2
2591 6
7678 1
7135 1
2048 3
1474 3
6561 1
2590 1
1672 6
2464 1
2900 1
1068 5
2045 4
2663 2
2539 2
2651 2
3184 1
4999 1
8081 1
2994 2
1879 4
1898 4
2063 5
4809 1
4884 2
1552 6
2299 4
1143 6
1197 7
990 10
1024 8
3422 1
4464 1
3755 2
2251 1
2896 2
4029 2
4022 2
4277 1
1392 7
2884 2
2224 1
1973 2
1071 13
5866 1
779 17
2975 1
5719 1
632 15
685 11
1196 5
2110 1
2952 2
1700 2
1844 3
1125 11
3570 2
1408 6
1740 4
1850 3
1864 4
1614 2
4346 2
399 59
2756 6
254 119
1075 7
3432 1
416 50
2026 5
4383 1
6018 2
931 4
2915 1
8002 1
306 87
5583 1
496 40
577 23
2934 1
623 27
706 23
4395 1
5490 1
403 52
5421 1
334 79
2691 1
6352 1
1265 4
2168 4
2864 2
507 36
5999 1
912 11
429 51
1083 8
3440 1
185 263
897 19
3066 3
5796 1
709 15
450 41
2807 6
1085 8
5046 2
332 70
7776 1
2689 1
294 110
759 23
5434 1
347 62
2704 4
971 11
1938 4
4295 1
810 13
3167 1
3179 4
822 14
941 17
2210 3
3129 2
5859 1
772 13
1386 3
3743 2
571 21
3026 2
669 22
1376 8
163 340
4877 1
999 10
6086 2
1372 5
3729 3
2927 2
5657 1
570 24
776 15
2504 4
147 403
4097 1
5295 1
208 235
6053 1
966 11
660 16
3111 2
754 20
5015 1
301 106
352 55
1963 3
807 20
5476 1
389 59
1498 6
494 35
4357 1
1627 4
6714 1
1030 14
1793 2
483 29
2840 2
481 37
2838 4
229 190
5303 1
216 183
4930 1
6128 2
1041 12
3106 2
749 17
320 95
3508 1
6238 1
1151 6
6516 1
1429 7
207 185
376 59
796 16
3153 2
2157 3
1048 12
3166 1
809 16
1332 8
421 56
2778 4
5403 1
316 97
5030 1
2534 3
177 266
4891 1
5953 1
866 8
1088 10
157 376
2514 2
5788 1
701 28
876 7
3233 2
1554 7
206 215
2781 1
424 52
563 37
629 17
2922 1
565 32
393 64
2750 5
5690 1
603 27
2960 2
533 25
2890 3
811 10
1899 4
4256 1
720 19
750 14
3107 2
2734 1
7821 1
1649 7
192 243
5917 1
830 8
397 66
878 16
3235 3
197 216
252 120
2609 2
404 54
1003 15
3635 3
6365 1
1278 8
479 39
325 96
7396 1
3069 1
5799 2
712 19
851 12
2102 5
518 24
1630 6
641 21
2097 3
3206 2
2442 1
5172 1
85 1225
224 187
279 110
351 76
2708 3
978 9
860 10
7499 1
2412 2
55 3005
4769 2
5281 1
194 243
2052 1
943 12
490 40
1018 11
1661 4
5868 1
781 13
929 16
5675 1
588 26
936 12
960 16
3291 1
934 8
2182 2
525 39
1039 8
666 26
5753 1
3966 2
2559 3
7646 1
575 37
559 32
2916 3
5919 1
832 16
1244 7
135 505
2783 2
5513 2
426 58
5561 1
474 41
330 78
2687 1
2548 2
191 236
644 19
423 49
1532 4
689 12
574 25
2931 2
2203 3
5649 1
562 40
2546 1
7633 1
1671 4
2540 1
861 15
155 353
478 49
5257 1
170 354
7614 1
2527 4
1713 3
4070 3
5681 1
594 23
204 212
7275 1
2152 2
6130 2
1043 11
6029 1
942 8
202 210
7092 1
2005 5
896 8
280 116
2637 2
6367 1
1280 5
5258 1
171 289
2528 2
2518 2
161 317
300 102
784 19
3141 2
339 77
102 874
162 365
2670 3
313 113
452 39
1013 11
980 14
89 1161
440 56
5525 2
438 58
1079 14
1709 6
488 35
2845 2
484 39
212 174
1805 4
544 31
6054 1
967 8
921 12
3278 2
2154 4
307 85
2664 1
5307 1
220 174
4934 1
2443 2
2070 4
7157 1
5173 2
86 1217
4800 1
5304 1
217 211
4339 2
1349 5
240 142
2126 6
4344 3
5473 2
386 69
951 12
2046 4
1820 5
558 29
5878 1
791 11
1105 8
3585 1
1228 5
258 127
924 8
5643 1
556 24
183 281
5270 1
175 307
1331 6
222 199
2579 2
5423 1
336 81
506 33
3819 1
1462 6
3307 1
6037 1
950 8
1622 3
864 12
2054 1
3163 3
806 15
118 623
2475 1
4832 3
5768 1
681 16
239 160
298 103
4981 2
267 130
2763 5
406 40
2043 2
1620 8
100 930
1107 10
3464 2
1481 6
372 63
6373 1
1286 7
418 45
984 6
1001 11
4312 4
1955 4
4126 2
938 12
4068 1
4584 2
148 387
1257 12
2372 3
15 54195
5037 1
2680 3
323 77
566 26
275 116
4989 1
1451 4
3059 3
702 23
169 318
6078 1
991 8
5180 1
93 999
353 82
2710 5
156 370
441 54
2798 1
799 19
1804 2
695 23
710 17
5713 1
626 19
668 20
6068 1
981 10
1016 8
417 49
1526 4
2357 4
268 133
5286 1
199 236
451 32
2018 1
7105 1
5121 2
34 8876
5802 1
715 17
4042 1
815 23
419 42
2776 3
1063 12
314 80
1010 10
2859 2
2720 4
363 73
1611 6
493 28
1602 8
122 582
6318 1
1231 6
1997 1
7084 1
5100 1
13 73335
5517 1
430 49
2313 1
4670 1
95 961
1204 7
3561 1
5817 1
730 21
869 10
3888 1
561 22
3749 1
1670 6
1297 6
6384 1
543 27
1749 5
2079 4
4436 1
3255 1
898 8
1074 14
5313 1
226 177
649 27
276 119
5363 1
1000 10
8444 1
3357 1
1339 4
230 161
659 13
3016 3
972 15
804 13
4575 1
5226 1
139 464
3466 1
1109 6
4879 2
2522 3
523 32
1632 6
195 211
2208 4
587 26
2944 3
3205 2
5935 1
848 13
1353 8
8424 1
244 132
2141 3
1420 6
2212 4
181 292
1239 7
130 526
1047 13
3404 2
529 30
2430 1
7517 1
446 45
260 124
370 68
1201 6
1621 2
3978 1
564 41
2921 2
1998 6
889 23
2361 1
4 1061507
143 417
5518 1
431 51
771 9
1880 2
263 139
305 85
2662 2
2095 1
497 38
853 10
138 462
3618 2
843 11
3200 4
1943 2
5921 1
834 17
3860 2
700 15
1406 7
297 88
173 310
2131 1
1022 9
2645 2
288 97
131 534
5164 1
77 1522
2295 2
5192 1
105 786
2269 1
5138 1
51 3641
2408 2
4765 1
665 22
124 621
611 28
2968 2
2829 4
472 44
5038 1
324 96
3929 3
142 457
2292 2
3401 2
1044 11
74 1658
5204 1
117 664
1767 4
658 24
914 13
373 60
5087 1
503 33
4290 1
5271 1
184 255
5812 1
725 26
2889 4
532 32
1794 5
103 880
48 4151
589 28
5148 1
61 2414
2418 1
2466 4
650 25
4145 2
1927 3
24 19650
1199 6
90 1133
3958 1
1601 1
631 20
6792 1
1705 4
5683 1
596 26
2953 1
201 206
2558 1
485 31
2469 2
7556 1
1285 3
3642 4
176 250
271 123
2628 1
6467 1
1380 10
5156 2
69 1964
5931 1
844 11
3062 4
705 17
357 65
1496 3
3450 2
1093 11
5210 2
123 610
2480 4
1773 5
5751 1
664 22
189 266
4839 1
2482 6
717 15
3074 4
1548 4
67 1945
5195 1
108 760
5165 2
78 1429
2062 2
7149 1
1155 9
877 7
46 4471
5485 2
398 64
247 138
1004 10
463 52
2820 1
5523 1
436 43
1545 4
5512 1
425 49
1967 5
2400 3
5130 1
43 5216
5269 1
182 271
302 93
379 53
4166 1
487 28
2844 3
3814 2
1457 6
27 15037
3302 1
6032 1
945 14
1165 10
3383 1
6113 1
1026 12
5143 1
56 2909
792 22
251 136
5933 1
846 14
1783 2
5247 1
160 331
2517 2
2068 2
4425 2
39 6582
232 161
2589 2
692 27
4019 1
1662 3
773 20
1828 3
4185 3
2937 2
731 20
190 243
2547 2
2816 3
5546 1
459 38
1707 4
84 1319
2441 2
18 36233
2375 2
172 303
1149 7
7859 1
2772 2
415 46
3881 1
1524 6
1663 5
2136 3
2473 2
116 650
5396 1
309 88
253 133
2461 3
104 853
1810 3
6897 1
5330 1
243 151
3783 2
456 45
2813 3
5274 1
187 269
1153 10
3510 1
4480 1
2123 2
3371 3
1014 11
5131 1
44 4924
5672 1
585 31
2942 4
6157 1
1070 5
26 16208
567 26
1152 8
5671 1
584 19
5188 1
101 886
5051 1
5424 1
337 85
1724 6
310 77
2667 2
1162 5
53 3446
1087 12
2223 3
5092 1
5 597701
2362 4
1655 3
546 26
5146 1
59 2686
3562 3
1205 11
235 168
1344 2
3589 2
1232 7
262 123
186 265
2230 2
3339 1
982 15
5099 1
12 86330
1996 3
7083 1
526 33
153 369
5240 2
1635 7
2314 3
96 995
4810 2
5129 1
42 5632
2260 2
637 21
2801 2
444 54
4194 1
867 17
3031 1
5761 1
674 17
326 88
2683 3
17 41729
2374 2
5228 1
141 456
99 956
5107 1
20 29116
2377 1
113 658
2316 2
98 911
274 105
1383 9
193 256
4629 2
5120 1
33 9578
2390 3
290 109
831 7
6084 1
997 9
719 15
1132 10
23 21411
2380 3
3363 2
1006 9
5123 1
36 7822
4227 1
1870 4
688 21
174 318
2531 2
5515 1
428 53
2785 3
1766 2
657 17
5206 1
119 641
7563 1
2476 2
4061 2
1704 3
28 14131
3162 1
8249 1
134 504
2491 2
5626 1
539 19
25 17861
5926 1
839 10
5095 1
8 203223
2365 2
1090 8
766 17
1817 4
4174 2
145 423
1795 4
5773 1
686 16
3947 2
620 23
2019 5
79 1457
3433 3
6163 1
1076 6
106 817
4820 1
1124 10
392 50
2749 4
1120 14
5098 1
11 103139
4249 1
1892 5
1229 3
120 708
5325 1
238 155
2595 1
1861 2
211 226
2568 1
1320 10
6429 1
1342 8
3699 3
233 160
4947 1
5090 1
3 2426045
5344 1
257 131
5885 1
798 23
2427 7
70 1925
209 217
5119 1
32 10033
264 124
7 274087
837 11
939 11
3157 1
5887 1
800 13
236 144
2593 1
198 219
2555 6
3471 1
144 441
2950 2
593 19
1812 2
6899 1
2185 1
3572 2
1215 4
245 149
5201 1
114 715
2098 2
7185 1
3712 2
1355 4
29 12750
2386 2
2220 2
5089 1
2 9013538
2359 1
1111 10
1277 9
4882 1
168 306
5353 1
266 105
2623 2
6 386548
2363 6
926 11
2493 4
7580 1
136 478
5223 1
509 39
5371 1
284 118
76 1666
617 37
49 3998
2406 2
1158 7
87 1152
83 1344
5711 2
624 20
2981 4
340 74
2697 7
833 19
62 2387
3903 1
576 34
35 8273
1631 5
2740 3
383 71
319 93
64 2330
835 15
457 49
4785 1
5158 1
71 1738
560 24
256 164
797 8
1122 8
3479 2
3340 1
983 10
1472 4
6559 1
2581 2
7668 1
597 22
1203 5
5181 1
94 1010
1323 6
3680 2
2432 2
5162 1
75 1503
38 6891
5139 1
52 3447
30 11661
2387 2
5374 1
287 95
747 10
4074 3
1717 1
774 19
2992 2
635 19
14 62451
2371 1
785 17
5132 1
45 4758
1131 11
3488 1
22 23757
2049 1
7136 1
65 2151
3809 2
1452 5
149 425
2506 3
5155 1
68 2051
3395 2
1038 14
940 8
3644 3
1287 6
317 105
60 2608
4388 2
7118 1
2031 3
112 709
5586 1
499 40
2856 3
1040 12
3548 4
6278 1
1191 10
818 22
5905 2
5308 1
221 172
625 30
2843 1
5573 1
486 42
679 19
246 154
2603 1
16 47417
3486 2
4595 6
5246 1
159 345
5471 1
384 68
1236 7
1694 2
6781 1
5214 1
127 569
167 322
1166 7
5144 1
57 2851
607 26
350 78
2707 3
296 93
2536 4
179 258
81 1354
5425 1
338 78
1677 4
6764 1
5197 1
110 759
4824 1
4802 2
5175 1
88 1191
1163 6
512 33
5599 2
3242 1
885 14
996 4
455 46
219 194
72 1867
932 4
1069 11
3426 3
1150 8
5128 1
41 5989
7485 1
2398 1
278 110
6217 1
1130 8
21 26194
4735 1
1658 7
3876 1
6606 1
1519 9
348 68
7419 2
5462 1
375 67
126 569
667 25
514 43
2871 2
2137 7
998 12
3355 2
3216 3
2281 4
1172 9
63 2237
2265 5
5134 1
47 4385
1569 6
150 395
691 21
1516 4
407 53
380 69
1489 7
82 1348
5524 1
437 43
3764 1
1407 4
158 343
2515 1
699 20
1101 10
6188 1
3831 1
5730 2
643 26
2861 1
5591 1
504 40
1681 4
6254 1
1167 11
3524 2
58 2828
3145 2
788 15
927 13
5618 2
531 41
2888 1
5483 1
396 55
2753 5
411 54
2629 1
272 101
395 67
1504 6
368 72
200 218
166 339
2438 3
7525 1
454 38
871 16
1490 8
381 67
2004 3
4709 1
2352 3
2288 1
1390 9
3608 2
1251 5
362 86
5553 1
466 57
2823 2
1575 3
111 736
129 542
50 3790
5265 1
178 276
4614 2
196 227
2553 1
4632 1
2275 2
1303 10
6390 1
845 18
3202 1
218 197
37 7240
5097 1
10 127140
6206 1
1119 7
401 47
2758 2
470 42
1553 3
3910 3
1329 12
498 42
125 606
5212 1
1312 6
203 206
857 11
1398 7
3382 1
8469 1
2741 1
7828 1
757 14
5829 1
742 20
4069 1
360 73
2717 6
341 90
5300 1
213 185
132 480
2489 1
1241 5
3459 1
2355 3
1300 6
2815 2
458 34
651 25
5432 1
345 79
4109 3
1891 2
782 23
151 392
1206 6
5184 1
97 956
2315 4
5275 1
188 229
2545 4
4902 1
3804 2
1586 5
391 58
849 17
5936 2
1222 10
1067 8
1249 7
140 468
2497 2
299 118
3626 3
1269 12
5970 1
883 10
1965 3
315 87
5029 1
2672 3
1556 5
2665 1
308 100
6697 2
1610 6
5588 1
501 34
1274 7
6700 1
1613 5
3970 4
508 36
2865 1
2726 2
5456 1
369 79
1617 2
3974 1
1959 1
4316 1
2723 3
5080 2
366 69
505 38
231 157
2588 1
2291 2
5160 1
73 1714
787 19
1896 2
467 40
3419 3
1062 4
92 1041
5420 2
333 100
5047 2
2237 2
5106 2
19 32734
2376 3
477 37
5564 1
850 13
1993 4
884 11
3241 3
343 86
5329 1
242 145
2599 6
462 39
3789 1
1571 4
4686 1
250 122
5519 1
432 43
2789 5
265 129
2622 2
5382 1
295 94
410 43
356 68
755 14
1033 9
3532 2
6262 2
1175 6
5292 2
205 202
1937 4
1911 3
3020 1
663 15
802 20
769 22
228 177
5809 3
722 16
469 40
2826 1
388 67
4147 1
820 14
3177 4
538 34
165 353
5252 1
5357 1
270 129
2627 2
4306 1
1060 12
5153 1
66 2106
6830 1
1743 6
634 25
261 138
5348 2
590 26
3917 1
656 18
3013 2
5202 1
115 720
1464 10
6108 1
1021 12
5464 1
377 67
3704 2
1347 4
1189 7
816 10
5903 1
2298 1
80 1395
3780 3
1423 9
453 48
994 10
2022 5
4240 2
409 43
1511 2
1438 11
3795 3
5416 1
329 68
1343 9
234 150
2064 3
1034 14
2143 2
5414 1
327 86
1216 11
5194 1
107 790
1730 2
737 17
1846 4
6107 1
1020 7
433 45
152 368
2509 2
331 73
5611 2
524 40
2881 1
293 106
1184 11
1200 4
91 1065
756 12
3113 2
1289 4
5267 1
180 262
405 47
3732 1
795 14
1904 3
3859 1
1502 6
248 138
1358 10
249 143
1140 6
767 20
5854 1
31 10940
4745 1
4467 1
2346 2
1237 8
491 39
1023 12
1522 6
413 61
40 5976
5127 2
954 10
581 24
5668 1
1455 6
5433 1
346 86
530 29
2887 2
527 39
154 389
5241 3
133 503
461 44
283 98
3610 2
1253 5
374 65
2001 5
2582 4
5312 1
225 170
4385 2
549 31
1133 9
2955 2
598 23
328 84
2685 3
5969 1
882 11
930 13
918 9
1643 7
5945 1
858 14
1574 11
1542 3
3899 1
3667 1
1310 5
3534 1
6264 1
1177 6
670 21
137 500
2494 7
5302 1
215 183
2124 2
255 149
5665 1
578 26
5709 1
622 20
557 31
1139 6
9094 1
4007 2
1266 3
5691 1
604 24
1422 2
420 48
2777 1
460 47
3898 2
1762 3
958 12
464 47
1792 5
3708 4
1962 4
4184 1
1827 3
6182 1
1095 10
6193 1
1106 11
2948 4
874 24
6483 1
1396 4
847 11
1073 11
829 14
1946 5
5445 1
358 76
2715 2
5700 1
613 25
227 172
2584 2
1144 14
322 80
1248 5
1838 5
6178 1
1091 5
3448 1
2194 2
3628 1
1271 2
2267 3
6607 1
1520 2
4178 1
2099 7
793 16
3150 1
545 28
414 51
1930 1
5049 1
335 70
1294 11
3651 3
2701 1
5431 1
344 76
128 559
6747 1
1660 5
5465 1
378 61
1589 6
3575 1
580 22
5667 2
953 7
1049 9
349 78
502 44
5589 1
875 11
1161 6
3343 3
550 23
1366 4
1458 5
1600 2
3584 1
8671 1
535 27
4675 1
2318 2
6347 1
1260 12
838 12
5865 1
778 18
3135 2
5655 2
568 32
1255 6
3612 2
1703 2
1182 9
4572 2
2215 2
1825 4
1245 9
7076 1
1989 3
8311 1
3332 1
975 10
1141 9
901 11
979 11
1882 5
5979 1
892 9
2242 5
1227 5
2027 2
2349 2
4706 4
223 180
4937 1
1641 3
3998 1
5451 2
364 59
572 21
2285 4
1198 5
2660 3
1612 8
385 62
292 113
311 99
3209 2
5939 1
852 14
1017 9
599 30
5555 1
468 39
6185 1
1098 3
4513 1
2156 4
5597 2
510 23
3893 1
1211 10
3713 2
1356 5
5567 1
480 34
1727 4
862 12
5949 1
408 54
5378 1
291 113
1032 4
8179 1
3092 4
735 17
3211 1
854 22
3882 1
713 20
648 23
1629 6
923 13
1270 13
3403 2
1046 6
1815 7
640 23
946 11
6733 1
1646 2
1644 4
5446 1
359 57
2716 2
3388 2
1031 8
2849 2
492 25
3793 3
1436 5
1734 3
4510 3
925 10
4209 2
805 16
5825 1
738 15
3019 2
662 19
146 431
2503 3
5364 1
277 111
630 23
2987 2
448 42
5563 1
476 30
4387 3
683 22
678 16
6760 1
1673 6
1281 7
3638 1
1419 11
1867 3
5356 1
269 112
2626 2
2058 2
748 10
2646 3
5376 1
289 101
3040 1
8127 1
5208 1
121 621
758 18
3115 3
770 17
908 17
601 20
2958 2
164 344
1534 10
1784 4
4331 3
1803 4
1742 8
6829 1
3212 2
855 10
1786 6
3604 2
1319 8
6456 2
1369 5
808 12
609 24
638 20
5582 1
495 37
1086 9
3443 1
612 24
698 14
5682 1
595 25
1336 10
3693 1
2642 1
285 114
3458 2
569 33
768 22
814 11
682 20
5639 1
552 19
1028 6
2307 5
1450 7
5373 1
286 119
2643 2
5000 1
1121 10
933 12
6020 1
1306 5
4545 1
342 89
4553 1
4037 2
6767 1
1680 2
3571 2
6301 1
1214 8
4233 1
6313 2
1226 7
1037 6
367 58
5081 1
1404 5
475 47
3679 2
1322 14
988 9
1078 8
3435 1
4095 1
3757 1
1618 3
1693 5
471 41
6137 1
1050 9
473 42
2830 4
5297 1
210 216
2197 2
974 10
873 18
5642 1
555 33
2912 1
1886 4
633 19
6608 1
1521 4
542 42
2899 1
1435 3
1243 5
870 14
5957 1
6048 2
961 10
1449 4
3806 1
4519 3
1471 10
1874 5
6961 1
1568 2
3925 3
6106 1
1019 8
3613 1
6343 1
1256 6
1538 6
5442 1
355 63
3955 3
582 22
727 17
780 14
528 19
693 22
3719 1
1362 3
1873 5
995 10
445 57
734 22
1486 1
1089 12
3009 2
652 28
516 34
1626 3
5640 1
553 18
5877 1
790 14
318 83
1777 3
1126 11
1808 4
1964 6
3666 2
1309 8
304 86
1917 2
1402 10
2616 1
259 129
5762 1
675 20
900 13
2911 3
554 27
1267 4
744 19
2039 1
1469 7
520 33
447 52
273 124
886 7
2071 3
694 21
1169 6
1338 6
1378 8
1414 7
1478 6
794 18
3151 1
1354 10
618 19
606 21
1782 5
4139 2
427 49
54 3264
5141 1
6943 1
1856 3
5627 1
540 37
5536 1
449 29
1829 4
1156 10
3513 2
1388 6
654 31
1207 5
3564 1
1118 6
3475 1
511 43
5530 1
443 45
1652 4
684 19
1925 3
4282 2
214 199
1639 6
1991 2
5481 1
394 55
890 18
1128 7
1493 4
1027 7
1669 6
827 15
1377 6
1720 6
4603 3
2246 5
906 10
3263 1
1104 9
915 14
5913 1
826 17
1509 3
2999 2
642 19
1187 8
1263 2
673 17
1953 4
1346 2
4393 1
765 13
721 24
3078 3
1990 3
7055 1
1968 4
5673 1
586 32
761 15
1698 4
6600 1
1513 7
1391 6
708 17
1170 7
6142 1
1055 8
5452 1
365 57
2722 2
751 10
619 29
4657 3
2300 4
1737 5
1697 7
1912 6
422 48
3716 1
6046 1
959 7
1887 5
614 23
241 153
5328 2
4067 1
1371 4
2069 4
4426 2
2206 6
434 45
775 21
5839 2
752 8
615 19
2972 2
616 24
282 111
390 55
2287 6
1696 6
5576 2
489 31
2846 2
1544 5
1208 14
592 35
5991 1
904 10
1233 4
387 57
745 14
760 14
1505 6
1160 11
1112 6
627 20
1212 8
1134 7
2957 3
600 27
3662 1
1305 11
2336 4
1562 4
6649 1
5408 1
321 79
2678 3
6072 1
985 9
6268 1
1181 6
6553 1
1466 13
5670 1
583 23
1252 3
1146 7
764 14
1877 3
6964 2
439 49
5526 2
2059 2
513 37
2870 3
2339 2
746 26
3103 2
1318 5
963 17
5487 1
400 65
841 8
2088 2
5489 1
402 42
1638 4
1157 9
2119 2
6031 1
944 15
1316 8
989 7
354 62
647 13
6279 1
1192 4
1114 8
6201 1
1314 5
5850 1
763 13
3920 1
1563 4
2133 4
2270 3
1454 4
7351 1
2264 2
2017 2
3927 2
3547 2
5666 1
579 35
3325 2
968 12
3502 6
4226 1
1094 6
3451 1
2125 2
840 12
4128 2
2139 3
723 16
5810 1
1668 6
4025 1
1895 4
4252 1
3230 3
8317 1
1246 1
6267 1
1180 7
1002 9
948 14
1578 4
1168 4
3525 2
1725 6
6812 1
551 36
5873 3
786 17
2163 5
1915 3
7179 1
2092 3
1479 8
6297 2
1210 8
803 17
1254 3
8939 1
842 13
1901 4
2245 2
6803 1
1716 6
5803 1
716 19
1373 4
3840 1
6732 1
1645 4
6599 2
1512 4
6484 1
1397 11
6958 1
1871 5
2279 4
2347 1
1291 5
6145 1
1058 6
1980 2
1564 6
1357 6
976 4
1262 2
1983 3
891 11
2087 6
812 21
5899 1
1185 10
2035 3
312 73
3824 4
6554 1
1467 3
1954 6
913 9
3270 3
902 12
5989 1
1275 8
3632 2
1427 3
281 93
2638 4
1831 3
1648 6
639 22
2211 1
547 41
2189 2
4281 1
2076 1
9 157434
5096 1
5469 2
382 44
2302 1
1057 3
3414 1
1298 3
2053 3
1325 11
2134 3
1776 4
1640 9
6727 1
1328 8
3334 5
1382 10
482 45
109 762
5196 1
1012 10
3369 1
537 25
2014 4
1814 7
2216 2
4522 3
1731 6
661 18
3727 3
1370 5
1605 2
1866 9
3075 3
718 13
1154 5
1054 9
3264 4
907 9
2072 6
2959 4
602 13
1875 4
1147 7
2317 1
4674 2
2158 3
1751 3
1417 3
646 20
993 8
1836 5
783 11
3621 1
1884 7
1183 12
3089 1
732 19
6138 1
1051 12
1746 3
952 14
1994 3
1225 4
4405 1
1715 7
3762 2
1405 6
1853 3
6819 1
1732 2
741 12
5975 1
888 11
1084 13
1948 2
973 12
703 22
522 36
519 31
1683 6
5959 1
872 16
2040 2
1077 7
970 5
704 24
3805 1
1448 4
671 16
1585 5
1473 5
1307 8
1923 5
1410 5
3456 1
1099 11
1702 4
2294 1
6360 1
1273 10
6488 1
1401 2
653 24
4591 1
303 103
5390 1
676 23
636 17
1364 7
6934 1
1847 7
1173 4
1430 2
1482 3
916 9
500 41
2024 4
4381 2
824 10
5911 2
1399 4
1097 8
3425 1
2060 4
1789 3
1656 5
1550 6
371 61
1092 12
707 17
5794 1
6167 1
1080 8
1242 5
1441 5
1951 4
2261 3
536 25
5552 1
465 35
2016 3
1862 1
1678 2
4155 2
1889 4
8960 1
5764 1
677 12
435 47
4469 1
1687 5
1042 12
1477 6
6229 2
1142 7
1282 4
1363 6
3720 1
1295 8
1722 3
1176 6
817 16
1779 3
534 39
753 18
821 15
5908 1
3551 1
2186 4
1011 11
2149 3
1736 1
5827 1
740 14
736 14
6152 1
1065 3
4368 1
1174 5
2217 3
1854 6
1533 6
2985 3
2337 5
1958 6
1772 3
728 18
1193 10
521 32
1202 6
1081 12
1654 6
5692 1
605 21
2105 2
5910 1
823 8
1657 4
2166 4
1491 4
2207 2
1434 7
1453 4
879 16
5660 1
573 20
5777 2
690 26
714 19
880 9
1194 8
6281 1
541 36
548 28
1379 10
7194 1
2107 5
5529 1
442 38
905 11
1195 7
1238 5
2201 1
5997 1
910 10
729 20
937 6
1188 5
2057 1
1061 13
2338 2
1224 8
1053 6
1425 5
4625 4
6391 1
1304 4
6056 1
969 7
1615 3
5830 1
743 16
1009 5
1412 4
1745 5
3176 1
610 27
237 149
5324 2
6043 2
956 11
1816 2
2262 3
1415 10
1313 3
5826 1
739 17
6044 1
957 15
3314 1
1127 7
6214 1
4267 1
1910 6
2174 4
711 14
1293 10
856 11
1508 7
1695 3
801 20
1576 3
1759 2
1437 1
1115 7
1223 13
4633 2
696 17
724 10
2075 5
4075 1
1015 6
1582 3
1760 5
2015 1
813 10
1283 10
1029 8
1739 6
895 13
687 12
361 65
1276 4
1116 8
762 11
6557 1
1470 4
5915 1
828 16
1485 5
919 11
2135 1
5602 3
515 31
2872 1
1689 10
917 11
1916 3
1148 10
955 10
1726 4
412 46
1045 8
608 18
3684 2
4437 1
1421 6
7256 1
2169 3
2010 4
1431 4
1741 3
2051 2
1616 8
2047 2
4250 1
789 23
2007 5
4364 1
1110 6
962 12
5708 1
621 17
5604 1
517 25
8665 1
3578 3
726 10
965 14
2233 5
7071 1
1984 4
1942 6
2114 5
2304 4
903 14
949 6
1634 2
6402 1
1315 5
928 7
935 9
6317 1
1230 4
6388 1
1301 8
6007 1
920 8
4527 1
645 13
2093 2
1758 5
1292 7
1082 9
1761 4
1308 7
1424 5
1179 10
1403 6
2286 3
865 14
868 16
4192 1
680 12
2012 3
1072 12
1330 8
4221 2
893 11
1527 5
1387 3
1543 6
1909 2
1755 5
836 9
3641 2
1811 2
5986 1
899 9
1559 9
2273 3
2021 7
1558 3
964 8
1117 5
6404 1
1317 6
2322 2
1530 4
1653 4
987 11
1922 3
6296 1
1209 3
