2060 1
1774 1
1673 1
2077 1
2174 1
1121 1
2216 1
2338 1
1056 1
2157 1
2254 1
1278 1
1494 1
1879 1
1921 1
1737 1
1865 1
2213 1
2005 1
2353 1
1503 1
1357 1
1941 1
1183 1
7007 1
1067 1
1507 1
2315 1
1310 1
5783 1
3671 1
1217 1
6937 1
1242 1
1338 2
991 3
981 1
1083 1
1382 1
1154 1
2252 1
2166 1
1475 1
1245 1
1769 1
4034 1
4154 1
1144 1
2323 1
2137 1
1394 1
1128 1
5842 1
995 1
1598 1
4357 1
872 2
1492 1
1202 1
1765 1
1930 1
1098 1
1948 1
1935 1
1702 1
2176 1
1852 1
1613 1
1520 1
2102 1
1745 1
3598 1
2054 1
1903 1
2180 1
2345 1
1010 1
2327 1
4684 1
1227 1
1764 1
1949 1
1187 1
1133 1
2145 1
1775 2
2227 1
2153 1
1959 1
6092 1
1378 1
1787 1
1793 1
1442 1
1543 1
3900 1
1931 1
1463 1
1746 1
1421 1
4475 1
1411 1
1138 1
1313 1
1685 1
2051 1
8500 1
1536 1
1841 1
3725 1
1368 1
1631 1
9299 1
855 4
1505 2
1583 1
2186 1
6375 1
1064 2
4439 1
3931 1
1222 1
796 1
4065 1
1548 1
1611 1
1123 2
1215 1
4322 1
6101 1
1269 1
1122 2
1466 1
1385 1
879 2
2146 1
4325 1
1113 1
1844 1
1579 1
2121 1
4708 1
1889 2
1592 1
1256 1
2070 2
2248 1
1099 1
3930 1
1808 1
815 3
1224 2
1271 2
1193 1
2015 1
4117 1
1984 1
932 1
968 1
1003 1
1356 1
1538 2
1577 1
1924 1
918 2
1858 1
1254 1
2087 1
6153 1
4051 1
1694 1
1082 2
1174 1
4071 1
3687 1
1330 1
2171 2
3171 1
814 1
1408 1
1593 2
4268 1
1911 2
1816 1
1198 3
1953 1
1586 1
905 1
1365 1
3722 1
4542 1
1897 1
1668 1
5557 1
843 3
1262 1
725 3
1273 1
1006 1
1304 1
1049 3
1616 1
4302 1
1358 1
1248 1
1037 1
1902 1
2193 1
1353 1
1669 3
1094 1
2218 1
1869 1
1291 1
3740 1
1383 1
4560 1
1228 1
2158 1
2143 2
1692 1
1534 1
6248 1
813 3
1727 2
1881 1
1252 1
3974 1
1719 1
1860 1
1843 1
1361 1
2129 1
1868 2
925 2
1013 3
1018 2
1419 1
6976 1
2262 1
1380 2
1226 1
3583 1
6935 1
3653 1
2236 1
1526 2
2358 1
1706 1
4476 1
2159 1
1826 1
4187 2
1525 1
901 1
3258 1
1270 1
1197 1
1883 1
933 1
805 2
1621 1
864 1
2266 2
808 2
1952 1
3466 1
1643 1
1369 1
2290 2
1317 2
762 4
1747 2
3666 1
1309 2
1412 1
3769 1
746 2
1908 1
824 2
1533 1
1653 2
6778 1
2333 1
999 3
1502 1
6216 1
1460 1
706 1
3245 1
888 6
1722 1
568 6
4194 1
1837 2
1777 1
4134 1
1926 1
6640 1
4567 1
1322 1
3580 1
1223 1
1720 1
1347 1
1145 2
1041 2
955 2
3312 1
2150 2
1987 1
1473 1
4119 1
1447 2
734 4
3387 1
743 1
2053 1
2135 1
1622 2
1243 1
809 2
3957 1
7008 1
6975 1
1451 2
1741 1
871 4
2307 1
2259 1
2263 1
1640 3
1783 1
3747 1
1996 1
1933 2
4290 1
1441 1
4073 1
797 2
1162 1
3805 2
8091 1
1020 1
1641 1
2253 1
1541 1
1885 1
1166 1
1467 1
913 1
5627 1
990 3
3347 1
1024 1
6102 1
1744 1
1568 1
1652 2
1316 1
976 1
1470 2
1023 1
5737 1
1057 2
1068 1
3425 1
2096 1
1825 1
4182 1
1163 1
1395 2
1828 1
1326 2
1417 1
1220 1
2232 1
4348 1
863 1
1114 3
821 3
1399 1
923 2
1977 1
4334 1
1707 1
1479 2
1381 2
1100 2
1110 2
1790 1
1052 3
8126 1
1055 2
1833 1
4190 1
1575 1
3932 1
980 2
3285 1
928 1
4145 1
848 4
3596 1
1239 1
1302 3
4188 1
899 5
1213 1
1015 3
1044 2
2047 2
1033 1
1925 1
2127 1
1914 3
1779 2
1071 1
745 3
1078 2
1257 1
1002 2
1373 1
1124 2
1043 3
1103 2
900 3
1581 1
1715 1
1175 3
749 4
1878 1
1740 1
4601 1
2244 1
4146 1
1634 2
2328 1
2284 1
1402 1
1461 1
2298 1
1580 1
1392 1
934 2
804 5
1288 2
760 6
1255 2
1311 1
1960 1
1506 1
2347 1
1409 2
1048 1
3633 1
1276 1
3622 1
5979 1
1265 1
931 3
726 4
3155 2
798 2
1851 1
2028 2
1104 1
1443 3
2204 1
2237 1
1944 1
1346 1
5800 1
1086 2
965 3
1332 1
1233 2
1156 1
1289 2
6012 1
1867 1
2094 2
4152 1
1420 2
948 5
966 1
951 1
1377 1
1279 3
1623 1
2071 1
2011 1
1603 1
1337 2
1370 1
2296 2
2147 1
875 1
1324 2
1188 2
1480 1
1333 1
929 3
837 4
1589 1
1190 1
7858 1
787 1
786 3
1758 1
1306 1
1551 2
3908 1
1342 2
2093 1
1307 1
1085 1
1605 1
1649 2
4250 1
1054 3
1136 1
842 1
5514 1
800 4
1962 2
2243 1
1106 3
1956 2
2255 1
2110 1
748 2
3844 2
1487 1
1008 1
916 2
3553 1
1196 1
1607 2
2274 1
1723 1
2194 1
1081 1
1704 1
692 7
1059 2
1407 1
1250 2
1807 1
1376 2
4414 1
1212 2
768 3
2044 1
3876 1
1519 3
624 8
839 2
1142 2
1031 3
3422 1
1065 2
1734 1
1182 1
2062 2
838 1
1261 2
677 5
894 2
721 4
5428 1
714 7
1958 1
829 1
949 1
952 4
7774 1
703 5
1469 1
1674 1
708 2
893 4
1009 1
1116 1
862 2
921 3
973 2
3330 1
1258 1
880 1
3448 1
1091 1
1510 1
911 4
953 4
5392 1
678 2
7723 1
652 4
811 2
1089 1
790 2
2024 1
1606 1
979 6
926 2
1899 2
698 2
3055 1
4184 1
1827 1
4205 1
1034 3
3391 1
1112 1
1676 1
4679 1
602 3
1884 1
1160 3
1319 2
690 4
818 4
1497 2
961 3
3318 1
1293 2
1449 1
1975 1
3567 1
1210 1
2208 1
1627 1
3907 1
6284 1
1570 2
891 2
1792 1
6254 1
3981 1
4022 1
903 4
3260 1
4399 1
1809 1
1247 2
1724 2
1794 3
4151 1
528 10
248 58
239 61
1348 1
418 19
525 13
267 56
434 17
499 16
430 11
207 88
435 19
275 54
474 13
389 20
310 35
368 20
1477 2
2679 1
322 32
1431 1
468 17
330 37
285 58
2819 1
462 15
1612 2
503 10
454 12
316 50
264 55
509 13
452 8
2851 1
494 18
519 13
323 26
247 59
2768 1
411 16
870 4
420 21
1529 3
1046 2
396 23
415 20
956 2
299 47
470 13
382 29
359 30
337 31
1446 1
226 58
1335 1
7573 1
502 16
869 2
2685 2
328 40
1437 1
510 7
5212 1
498 14
1039 2
414 24
424 16
449 21
277 50
521 10
1630 1
358 26
1036 3
495 17
327 21
1436 2
269 46
444 15
2846 1
489 10
1615 1
506 12
2890 1
533 14
227 73
4867 1
153 165
217 79
321 41
536 14
1645 1
2647 2
290 45
276 54
175 130
408 24
2889 1
532 9
1073 2
943 1
2892 1
535 13
395 27
992 2
242 58
335 34
338 29
222 70
1331 3
2717 1
360 26
352 29
8146 1
1075 1
2891 1
534 11
5105 1
391 19
1500 2
383 25
2790 1
433 22
1542 1
397 19
301 28
1410 2
220 77
2612 1
255 64
332 27
507 12
336 28
192 88
287 41
1396 2
270 57
1379 1
219 81
312 34
422 16
1531 2
282 52
1391 1
907 3
366 25
266 46
1375 4
4947 1
233 72
189 103
2722 1
365 30
1474 2
347 34
1456 1
393 13
407 18
196 79
1305 1
256 72
2657 1
300 41
7276 1
205 83
720 10
179 115
231 67
1340 2
7582 1
511 14
315 38
1424 2
4938 1
224 82
399 23
1835 2
753 8
212 75
106 375
363 23
121 231
291 27
198 107
303 44
234 66
1343 3
354 23
699 10
158 145
1267 2
172 127
1281 3
274 43
523 12
193 88
2518 1
161 143
134 209
271 57
317 36
5008 2
294 51
482 13
3948 1
1591 2
2602 1
245 61
1354 1
244 75
437 16
719 6
2535 1
178 116
320 26
232 64
1341 2
344 31
874 7
2690 1
333 40
278 50
308 49
4994 1
280 44
1389 1
478 12
1029 3
251 64
398 18
5021 1
307 37
309 29
440 19
2888 1
531 14
466 16
484 13
5133 1
419 21
461 17
5169 1
455 9
1564 1
356 20
2594 1
237 61
182 117
314 35
3780 1
1423 2
261 42
2736 1
379 25
139 171
463 15
1572 2
412 19
1521 2
197 106
413 18
279 51
372 24
265 48
173 119
201 93
281 45
229 73
216 85
1325 5
657 6
116 314
1225 4
2334 1
2714 1
357 26
2470 1
113 319
684 5
2500 1
143 190
1026 4
485 20
1567 2
458 14
409 23
2619 1
262 66
177 104
286 33
195 82
131 247
132 224
984 2
4871 1
157 172
7292 1
221 102
67 842
1176 2
859 2
2675 1
318 40
223 88
373 23
914 4
977 6
390 24
2575 1
218 80
1327 1
2544 1
187 82
190 90
2572 1
215 80
7147 1
76 681
52 1387
1161 1
604 14
63 978
49 1480
460 18
744 9
2560 2
203 95
1312 2
79 574
124 258
91 434
2705 1
348 33
426 15
710 6
2526 1
169 147
45 1849
2659 1
302 35
580 15
2396 1
39 2618
296 39
297 52
1406 3
2397 1
40 2418
20 10327
1129 1
2388 1
31 4151
288 52
625 11
84 585
592 11
4765 1
51 1485
1966 1
3214 1
857 3
343 30
1452 1
1168 1
59 1116
86 558
5909 1
3552 1
1195 1
610 9
69 751
1178 3
2683 1
326 25
331 23
304 47
7916 1
845 3
340 29
1422 2
2670 1
313 28
2494 1
137 188
1246 2
2751 1
394 25
1107 5
25 6864
1134 5
152 170
54 1259
83 512
1192 2
972 1
664 10
123 225
1232 1
589 7
48 1630
305 36
4744 1
30 4454
1139 1
53 1344
75 696
1184 2
7174 1
103 384
2565 1
208 81
99 414
1208 1
199 109
740 4
1849 1
105 356
1214 2
362 30
58 1149
1167 4
423 22
707 8
2523 1
166 147
583 11
42 2197
27 5792
284 52
163 155
2393 1
36 3075
62 903
1171 2
634 10
2450 1
93 442
4784 1
70 755
115 314
2423 1
66 895
16 15080
4591 2
2234 1
1125 2
273 47
107 375
1216 2
141 196
14 18481
2421 1
64 895
3530 1
1173 2
732 3
191 103
2395 2
38 2662
1147 5
5006 1
292 47
35 3258
50 1492
600 5
1709 1
5003 1
289 27
3187 1
830 3
582 12
41 2282
1150 2
2655 1
298 42
641 7
2457 1
100 394
1209 5
553 5
12 23551
2524 1
167 118
552 8
7082 1
11 26553
268 62
4727 1
13 20764
453 15
613 7
72 665
3538 1
1181 1
544 13
2360 1
3 209764
2900 1
543 14
2359 1
2 663837
259 51
2418 1
61 997
1170 2
101 353
74 657
615 10
355 25
8535 1
1464 1
98 411
1207 1
548 11
7 52730
2854 2
497 8
240 77
1349 1
784 2
243 65
1352 1
4 97369
97 435
551 9
1660 2
10 30779
174 115
945 2
47 1661
8 42860
5 64003
34 3499
3500 1
1143 4
230 73
1339 1
3128 1
771 5
257 64
550 10
1118 2
68 771
1177 2
325 41
3791 1
1434 1
2847 1
490 11
18 12386
547 13
1656 3
6 67391
2224 1
263 54
2413 1
56 1214
1165 1
183 107
2513 1
156 143
697 4
2381 2
24 7247
2242 1
2372 1
15 16557
272 55
23 8173
1132 1
209 89
82 586
2300 1
21 9374
1130 1
685 3
2501 1
144 167
1253 1
401 33
17 13517
1126 4
85 542
342 33
567 10
26 6171
1135 2
563 6
22 8646
1131 2
2385 2
28 5279
2246 1
37 2791
1146 3
570 10
29 5006
155 168
560 17
19 11282
2503 1
146 180
438 25
181 103
1290 4
946 7
57 1154
117 267
374 19
2511 1
154 168
381 27
1490 1
922 3
151 155
1260 1
160 169
574 13
33 3684
32 3941
1141 1
55 1225
651 5
2467 1
110 298
1219 2
2724 1
367 25
87 483
447 18
96 429
1205 4
109 335
126 253
2592 1
235 54
1344 1
371 14
4828 1
114 284
94 393
1203 2
5336 1
622 10
81 561
170 138
254 44
4833 1
119 256
349 36
1458 2
890 3
376 36
43 2005
1152 2
369 31
112 274
89 450
253 54
150 157
2449 1
92 483
3558 1
1201 1
668 5
127 234
2482 1
125 265
202 99
95 420
1204 1
162 158
210 79
751 4
614 7
73 692
171 145
428 19
2563 1
206 74
214 82
1323 1
643 9
102 382
3568 1
1211 1
204 101
133 209
669 4
128 234
60 1041
90 480
1199 3
1155 2
782 4
241 68
6064 1
1350 2
120 259
769 3
228 65
122 253
200 92
2435 2
78 626
129 218
1238 1
2502 2
145 176
118 258
3016 1
659 8
111 297
2593 1
236 60
6059 1
1345 2
184 112
4802 1
2445 1
88 503
345 31
799 5
258 45
148 191
9 35706
2366 1
194 103
1303 2
140 168
709 8
168 126
1277 1
238 68
2422 1
65 831
136 200
4572 1
2516 1
159 146
1268 3
142 171
1251 3
104 353
2437 1
80 592
2401 1
44 2023
1153 1
585 6
2969 1
612 11
71 732
1180 3
165 125
149 186
138 180
5441 1
3084 2
727 8
2543 1
186 126
1295 4
176 139
185 99
1294 3
46 1806
2403 1
2796 1
5153 1
439 15
135 219
1244 3
130 230
491 9
213 75
4927 1
688 7
147 172
211 80
108 316
249 68
486 19
429 17
164 126
618 14
77 628
1186 1
1047 3
3404 1
476 23
2545 1
188 106
766 5
225 82
250 61
865 3
324 41
717 6
514 10
311 36
329 24
346 32
443 12
293 43
588 8
647 8
520 11
364 29
283 32
562 12
1671 1
2994 1
637 7
380 23
530 6
540 8
492 15
581 8
442 12
2799 1
603 10
421 21
351 28
341 30
1450 2
361 29
631 15
2865 1
508 6
480 16
416 15
788 4
1610 2
3087 1
730 12
1839 1
680 6
636 9
350 26
683 4
431 16
370 18
295 37
1404 1
559 11
775 6
445 15
812 6
392 13
246 52
1355 2
608 8
469 10
2826 1
2744 1
387 23
776 7
542 9
518 11
696 6
649 7
477 13
375 18
450 15
877 4
1986 2
807 3
1916 1
3079 1
722 7
2784 1
427 17
579 8
1058 3
640 9
501 7
2858 1
464 14
467 12
1576 1
737 7
549 15
417 20
493 11
656 4
633 5
1742 1
3020 1
663 3
754 6
456 15
402 19
405 21
606 9
386 18
457 10
5139 1
425 16
2896 1
539 13
260 53
578 13
571 9
1680 1
778 8
465 13
512 12
385 22
527 9
1636 1
2805 1
448 12
526 15
1635 3
377 19
723 6
741 4
517 8
2696 1
339 25
3092 1
735 5
679 7
564 10
481 12
2767 1
410 17
611 10
400 24
496 11
487 11
451 21
252 57
627 8
700 8
645 9
513 8
353 25
3819 1
1462 1
504 13
555 12
5118 1
404 22
479 19
2879 4
522 12
1040 2
607 6
938 6
736 6
1845 3
2898 1
541 11
2951 1
594 7
1703 1
941 6
529 6
2830 1
473 11
334 34
2691 1
646 6
1755 1
623 6
319 21
180 130
2537 1
886 7
5702 1
988 2
446 17
1555 1
832 9
632 9
1021 4
970 3
841 6
565 12
635 11
912 5
919 4
406 23
892 2
959 3
546 14
628 16
441 15
667 7
2663 1
306 39
472 8
591 4
733 3
556 7
1087 3
378 18
906 8
873 7
3354 1
997 3
2944 1
587 10
2895 1
538 8
777 5
388 13
593 9
694 11
1803 1
2953 1
596 8
432 20
826 5
969 2
655 7
1038 4
515 10
2894 1
537 9
1004 4
739 8
617 12
403 20
672 6
662 7
599 6
384 17
642 8
459 16
994 3
978 2
702 2
609 8
616 8
935 4
960 1
772 6
475 11
713 9
884 3
576 3
674 6
505 7
1028 3
967 3
621 6
1101 3
661 9
3284 1
927 5
626 7
586 16
876 3
3447 1
1090 4
695 10
1017 3
569 13
1678 1
1007 3
566 12
691 3
954 4
924 5
660 1
597 10
1042 2
575 10
758 7
701 8
1810 1
986 1
1096 1
630 9
846 5
1997 1
653 7
639 9
983 2
853 5
889 1
3032 1
675 5
950 3
1053 4
755 5
3030 1
673 5
488 13
516 17
1076 3
3073 1
716 4
773 4
825 7
3137 1
780 5
629 3
1000 5
858 3
654 9
802 2
930 5
789 5
577 9
958 2
1027 1
770 3
844 3
729 5
590 8
2947 1
947 4
1084 2
671 5
982 1
761 6
902 6
1063 5
2930 1
573 7
1011 4
500 17
827 5
989 3
3015 1
658 4
883 1
601 6
545 12
2017 1
908 2
803 5
763 9
554 10
3122 1
765 3
558 10
1001 1
897 3
1074 3
985 2
728 5
834 4
1005 2
964 2
3244 1
887 1
781 6
715 5
681 5
882 4
896 2
665 9
917 1
676 3
682 3
1097 1
794 2
840 1
793 6
3224 1
867 2
996 2
801 4
993 1
795 4
436 9
605 7
756 8
584 10
3174 1
817 3
819 4
557 13
718 2
898 3
2207 2
820 1
638 8
724 2
1079 4
783 4
686 3
757 6
524 15
648 6
822 4
738 3
1088 2
752 1
868 3
1035 4
2170 1
866 2
644 8
5547 1
833 2
471 9
483 10
910 3
1759 3
650 5
1060 3
850 3
3423 1
1066 2
823 1
963 2
849 5
1913 2
792 4
2977 1
620 6
1050 3
2140 1
909 5
711 2
816 5
1105 1
731 3
750 4
1859 1
962 4
572 7
705 1
693 10
742 4
1070 3
704 6
3027 1
670 5
3208 1
851 2
836 5
2955 1
598 7
1080 3
774 4
561 8
810 6
861 1
619 4
3314 1
957 2
971 3
3242 1
885 6
759 6
1032 1
856 1
881 2
878 5
712 7
3373 2
1016 2
1972 1
974 2
595 7
3296 1
939 2
747 2
689 4
5574 1
860 3
806 2
847 4
791 6
828 5
764 7
1022 2
4048 1
831 1
666 7
1077 1
975 4
904 3
852 2
2104 1
937 2
785 6
1095 2
779 3
944 1
835 4
687 4
767 3
3344 1
987 3
