2221 1
3146 1
3199 1
2429 1
1986 1
3240 1
5090 1
4172 1
7722 1
2915 1
2389 1
1565 1
2725 1
3260 1
9403 1
2406 1
5212 1
17135 1
3853 1
5133 1
2402 1
1831 1
5986 1
1880 2
4561 1
3872 1
4858 1
3682 1
1931 1
8780 1
9734 1
3060 1
3667 1
6506 1
3015 1
4180 1
9244 1
6943 1
5904 1
2265 1
3523 1
5311 1
3451 2
2450 1
5757 1
5772 1
3788 1
4356 1
3213 1
2676 1
8437 1
1849 3
8196 1
3283 1
6484 1
6208 1
9408 1
8348 1
2802 1
4649 1
4043 1
4574 1
9128 1
16105 1
3760 1
4121 1
7388 1
2189 1
6658 1
5449 1
7923 1
2488 1
4504 1
5109 1
8298 1
5817 1
7065 1
9897 1
5442 1
4996 1
19192 1
5239 1
3880 1
2713 1
9858 1
3985 1
8051 1
4378 1
5626 1
2985 1
9700 1
1329 1
9453 1
6512 1
4151 1
2302 1
2704 1
4492 1
3662 2
3449 1
9454 1
3209 1
5145 1
14357 1
9264 1
26905 1
4308 1
19979 1
8341 1
2719 1
2446 1
9245 1
6341 1
1771 1
13962 1
4656 1
19430 1
6182 1
27319 1
3164 1
20117 1
2468 1
2445 1
4708 1
25675 1
3683 1
2553 1
7338 1
17611 1
3817 1
2163 2
2967 1
1412 1
2786 1
3477 1
29723 1
15241 1
8802 1
1345 1
1903 1
2791 1
4139 1
40292 1
3089 1
10011 1
4441 1
3499 1
5639 1
4907 1
8488 1
2781 1
5616 1
18470 1
5193 1
1914 1
1889 1
3825 1
6116 1
5381 1
6441 1
7888 1
6971 1
37922 1
2367 1
4032 1
6265 1
7321 1
81306 1
2856 1
8949 1
27820 1
48242 1
5770 1
7145 1
5396 1
3388 1
9839 1
3605 1
4601 1
6061 1
7026 1
2097 2
3766 1
4489 1
3251 1
2593 1
1437 2
5571 1
3707 1
5130 1
2594 1
2286 1
3091 1
1599 2
3747 1
2336 1
15260 1
16149 1
1615 1
2910 1
2682 1
2127 1
2181 2
4697 1
2961 2
1990 2
3218 1
1450 2
2878 2
4735 1
5551 1
4071 1
4048 1
5041 1
2935 1
3117 1
3261 1
2830 1
5528 1
3532 1
5073 1
3414 3
2938 1
4187 1
2549 1
3573 1
3566 1
5940 1
2733 1
5185 1
3152 1
6075 1
4801 1
1768 2
3698 1
2826 3
3756 1
2508 1
1629 3
2586 2
2287 1
5303 1
7329 1
3851 1
5225 1
2500 2
788 9
1635 5
3455 1
4407 1
3771 1
6447 1
6755 1
3252 1
2950 2
4197 1
1449 3
3614 2
2116 2
1685 2
1575 4
3661 1
1684 3
3630 1
5387 1
4618 1
4254 1
2040 1
2515 1
3484 1
1533 2
1982 1
2973 1
5825 1
4054 2
1862 3
9104 1
2690 1
2547 2
3178 1
9912 1
2753 2
6794 1
9693 1
4536 1
4816 1
6770 1
3408 1
1171 3
2562 2
2763 1
2729 1
2667 1
3490 1
2906 2
1096 6
5894 1
2465 1
3494 1
2943 1
1929 2
4169 1
1251 4
4104 1
2653 1
4024 1
2125 2
2936 1
4193 1
1816 2
2565 1
2185 3
2550 2
5761 1
2063 1
3147 1
6043 2
34653 1
3834 1
1702 3
6642 1
3380 1
3992 2
2124 1
3796 1
2359 1
1270 4
2034 1
2854 1
13127 1
3672 1
2774 1
3839 1
2325 1
9785 1
7146 1
3066 1
3718 1
29624 1
8663 1
9253 1
6552 1
2807 1
2069 1
2603 2
15367 1
5094 1
8295 1
1605 2
2411 2
2762 1
1709 1
3094 2
7323 1
8119 1
2073 1
1774 3
4132 1
2685 1
3392 1
2551 2
1263 4
3898 1
4900 1
3586 1
2835 1
5762 1
9564 2
3166 1
4807 1
1970 2
4324 1
6488 1
3637 1
5990 1
8048 1
18476 1
3701 1
1805 3
1710 2
2204 2
3162 2
8130 1
5739 1
1885 2
6705 1
3478 1
6599 1
3459 1
9964 1
1648 2
2952 1
5746 1
3579 1
4464 2
3308 1
5631 1
6312 1
1927 2
3544 1
1065 6
4034 2
3696 1
3735 1
3418 1
6603 1
1944 1
1785 2
1886 2
3576 1
1394 2
933 8
7252 1
4173 1
5892 1
5176 1
1732 2
3511 1
3114 1
2396 1
7984 1
3400 2
1305 4
2724 1
2417 2
3016 1
2519 1
2053 2
8538 1
2800 1
2490 3
2739 1
3681 1
4345 1
2560 1
2723 1
1767 4
3229 1
3631 1
1099 4
6804 1
4734 2
6570 1
6744 1
7838 1
4482 1
3348 1
3423 1
2090 2
1076 6
2810 3
2770 1
2386 1
5932 1
1716 2
7687 1
4403 1
6065 1
1016 8
1459 5
2521 2
3984 1
4487 1
2722 1
4501 1
6389 1
4967 1
7367 1
3968 1
3310 1
1514 5
4886 1
8869 1
2637 2
4958 1
3258 1
3220 1
1668 2
2751 3
903 5
2174 3
3050 1
4764 1
1569 4
4718 1
2534 1
1416 4
6275 1
14381 1
3901 1
1786 3
1933 6
3312 1
1477 4
2249 1
1936 1
2435 1
7552 1
5402 1
2377 2
1606 4
1698 1
3441 1
1922 2
1443 1
5769 2
7158 1
2665 1
3202 2
3130 2
3820 1
4022 1
3624 2
6838 1
18070 1
3158 1
3116 1
5086 1
4502 1
2335 1
1168 4
5434 1
2410 3
2016 3
4548 1
6394 1
2398 1
1906 1
2666 1
5030 2
1430 5
6098 1
2858 2
1540 2
4715 2
6796 1
1742 1
6968 1
801 7
858 10
1425 7
1395 6
5867 1
2801 1
3768 1
4083 1
4758 1
16225 1
6327 1
2439 2
5667 1
3470 1
3542 1
5597 1
4189 1
4082 1
4698 1
1460 2
3372 1
6443 1
3336 2
1517 2
5732 1
2541 1
6891 1
6193 2
2084 3
3814 2
4278 2
737 12
7469 1
5049 1
2387 1
2752 1
6875 1
6500 1
16773 1
2117 1
6099 1
4617 1
2214 4
3352 1
5836 1
2734 2
1893 4
4315 1
2533 3
9752 1
5344 1
1884 2
4981 1
5620 1
5135 1
3191 1
5002 1
1128 7
6361 1
2211 1
7502 1
5604 1
5335 1
7702 1
4388 1
1584 2
2078 1
8003 1
6060 2
3552 1
1946 1
2412 1
4576 1
8973 1
2315 1
2828 2
746 7
4551 1
872 8
2777 1
2668 1
1740 2
3206 1
3373 1
9121 1
1365 5
2314 4
8497 1
2869 1
1490 6
5069 1
5418 1
2917 2
6577 1
3794 1
14051 1
7183 1
5964 1
969 6
1726 2
2843 2
1511 3
3076 1
3988 1
1457 5
4934 1
3891 1
1447 2
834 13
4177 1
2242 1
2020 2
1515 4
7058 1
5367 1
5218 1
1663 6
6722 1
7342 1
5766 1
2634 2
4222 1
3439 1
1818 1
3140 2
13413 1
2171 4
4023 1
1815 1
6885 1
15125 1
3299 1
2413 1
4593 2
3002 1
3876 2
5224 2
8225 1
6608 1
2238 1
7505 1
3398 1
3092 1
4052 2
3322 1
940 8
4797 1
4620 1
14893 1
6901 2
3098 2
7693 1
2822 4
1057 4
2232 2
24145 1
7045 1
2583 2
1104 4
4756 1
18816 1
1873 3
4917 1
6799 1
4882 1
1792 4
1962 5
2177 2
7841 1
8958 1
6279 1
1510 4
5969 2
8057 2
1192 3
12292 1
2019 5
2470 1
4124 1
5970 1
4076 1
2850 2
3155 2
1808 2
9585 1
3919 2
4468 3
5340 1
7105 1
708 15
6963 1
3456 2
1017 5
9214 1
3863 1
4973 1
1984 5
2462 2
8756 1
3755 1
2419 2
4868 1
2036 2
3343 2
8580 1
3115 1
7241 1
9469 1
1237 4
5037 2
2619 2
5167 1
4681 1
2033 3
6148 1
7077 1
6622 2
9035 1
3393 1
19110 1
6513 1
8392 1
1708 2
7173 1
2200 3
2269 1
1915 5
3500 1
6896 1
7430 1
1654 2
4204 2
4259 1
5791 1
8362 1
9516 1
9225 1
4583 1
5015 1
19519 1
2130 3
617 18
6743 1
3254 2
1925 2
5755 1
7985 1
5943 1
1386 6
8985 1
3175 1
6190 1
3412 1
1624 2
12495 1
2222 1
5031 1
2537 1
2912 1
3144 1
4460 1
3737 1
4303 1
763 13
5810 1
3464 2
1476 7
5295 1
1972 2
4566 1
3536 2
6537 1
2428 2
1595 4
1222 7
12046 1
2792 1
1961 1
3651 1
4118 1
8773 1
1998 3
7139 1
4596 1
17993 1
4628 1
1147 3
6110 1
2006 1
6001 1
683 20
4784 1
2280 2
12553 1
4061 1
2424 1
4537 1
2638 1
13937 1
5166 1
5088 1
2868 1
4891 1
3008 1
4898 1
2717 2
2555 2
3235 2
6293 1
5214 1
1498 4
1301 2
4226 1
2799 1
12131 1
1858 4
1371 6
6902 1
3289 2
5294 1
4473 1
1315 6
15551 1
5278 1
955 8
2332 1
7207 1
3169 2
18834 1
3177 1
2191 4
6144 1
4092 1
4938 1
6049 1
2672 1
4242 1
4597 2
13795 1
8094 1
5549 1
912 11
4426 1
2735 2
5078 1
748 9
2443 4
1806 1
3049 1
4208 2
2771 1
5448 1
4179 2
3009 1
3680 1
1751 4
4305 2
3882 1
1072 6
14729 1
845 13
7482 1
4585 1
9573 1
4871 1
5718 1
2787 1
1469 8
4257 1
4358 2
5081 1
3485 3
3043 1
8843 1
943 4
4418 1
3547 1
1151 6
864 12
1197 1
2709 2
15411 1
1976 3
5995 1
4910 1
890 9
1539 4
3402 1
5152 1
7283 1
4701 1
2496 2
2655 2
7796 2
5419 1
2240 3
3221 2
2341 2
3706 1
3531 1
4387 1
24933 1
2538 1
3503 1
19990 1
3811 2
1140 4
6753 1
9623 1
6350 1
2679 1
6572 1
15988 1
5715 1
4451 1
2493 1
1760 4
8901 1
10237 1
7042 1
9594 1
3831 1
2502 1
7101 1
2498 1
6699 1
2112 1
18421 1
17886 1
2627 1
12900 1
2094 2
1156 11
8557 1
4647 1
4367 1
1341 3
1111 7
4354 1
8636 2
1242 8
3187 2
1959 1
2142 3
3383 1
4741 2
1683 6
2842 1
10148 1
2050 2
19307 1
882 12
8981 1
1219 2
6562 1
13537 1
3506 1
7844 1
5436 1
3816 1
2921 1
7206 1
5887 1
2027 2
2821 1
16240 1
5967 1
2817 2
5957 1
7266 1
6696 1
1868 5
3161 2
4260 1
1689 5
4529 1
1531 3
4843 2
2216 1
1900 6
2186 3
6942 1
1326 1
1108 9
2007 2
1784 5
10969 1
696 24
6226 1
3979 2
1724 4
810 14
3740 2
1142 4
5388 1
5143 1
666 21
4498 1
2361 6
16260 1
1181 11
4232 1
1764 9
2976 3
3210 2
3908 2
9009 1
2851 1
4478 1
2928 1
13201 1
20374 1
5538 1
2758 2
4804 1
1680 4
1286 10
2732 2
4975 1
3108 3
3842 1
7123 1
2520 1
1989 1
1342 6
7879 1
2545 3
7356 1
13627 1
34621 1
1665 3
4983 1
3428 2
9386 1
6004 1
8226 1
46765 1
2784 2
5171 2
1911 2
3650 1
4541 1
3871 2
1308 6
5293 1
13541 1
2293 2
1581 4
2831 1
23377 1
6115 2
2272 2
4297 1
1097 2
1223 5
2046 2
2291 4
3641 2
2317 1
889 8
898 7
3998 2
3676 2
910 12
1021 7
2290 1
4507 1
5363 1
7564 1
2385 5
4145 1
1983 4
4415 1
4922 1
1743 5
1913 3
13241 1
1652 3
8878 1
4103 2
2656 2
1641 3
1952 4
4845 1
3952 1
2247 2
3521 2
3550 2
4491 1
6789 1
17062 1
1608 2
1233 2
2809 2
6836 1
1601 4
7830 1
3690 2
6290 1
2756 2
3424 2
2304 2
1881 3
4694 1
1179 7
4587 1
2900 2
2487 1
3674 1
2017 1
3023 1
23569 1
1408 4
4117 2
1763 5
970 10
2399 3
2461 2
5131 1
8851 1
1879 2
1126 11
12546 1
2273 2
1691 2
2675 1
1279 6
4181 2
3138 1
7396 1
6566 2
4120 1
2838 3
3703 1
870 12
2300 2
5925 1
1311 7
3790 2
6080 1
16112 1
2148 2
1064 9
4476 1
1339 9
644 13
2119 1
8441 1
1898 3
10262 1
4422 1
1130 7
1445 3
826 10
10212 1
2271 2
612 24
96063 1
508 34
4350 1
1320 6
1206 8
6669 1
1582 5
563 32
4056 1
1840 3
1446 6
2764 4
18025 1
9051 1
29597 1
9249 1
4162 2
1313 3
3826 1
850 12
5771 1
684 16
21337 1
791 14
16052 1
7943 1
2262 2
63900 1
9080 1
573 17
1908 3
6995 1
1729 2
3136 3
13977 1
3803 3
1373 5
6460 1
1657 2
510 27
2867 5
971 13
2100 3
1902 4
22448 1
2357 3
711 13
2448 3
7535 1
1851 2
6938 1
1573 4
16834 1
6660 2
213 134
6059 1
972 9
393 48
2589 4
6818 1
1731 6
1243 13
6330 1
122 418
5110 2
15383 1
2479 6
518 32
1164 7
46947 1
4391 2
1856 2
17117 1
1551 4
2427 2
12700 1
169 227
1598 7
9549 1
34984 1
4113 1
16886 1
1625 3
15915 1
654 27
2198 3
12471 1
2297 1
3694 3
5525 4
438 55
8013 1
2926 2
1347 8
40559 1
60907 1
15124 1
774 16
3911 3
5789 2
4158 1
400 51
5487 1
403 43
1272 16
1141 5
6228 1
1232 5
16307 1
1046 12
16950 1
37298 1
8937 1
5490 1
36309 1
5787 1
700 22
4610 1
39046 1
3437 1
1837 2
3391 2
635 22
5722 1
4059 4
777 19
177 238
5264 3
12629 1
2356 3
745 15
79 838
7495 1
2408 4
424 48
5998 1
911 7
4256 2
39611 1
735 22
2923 3
1553 4
16814 1
16894 1
19841 1
527 33
9283 1
14370 1
4293 2
436 50
275 101
30797 1
15536 1
5362 1
208 151
357 65
5444 1
483 33
1667 1
8040 1
1277 16
3634 2
2933 3
6553 1
1466 7
2085 2
4442 2
5889 1
10961 1
688 20
5775 1
284 82
37159 1
5262 1
175 209
86642 1
163 236
6490 1
1403 9
3954 1
210 153
2567 3
627 18
15888 1
1656 6
9770 1
8109 1
8010 1
18283 1
1292 11
2206 2
1289 10
28928 1
3493 2
13667 2
5847 1
11033 1
760 14
4524 2
9611 1
5526 2
1963 6
17224 1
1302 2
1125 7
496 33
5583 1
5465 1
378 58
279 81
10552 2
751 21
5838 1
435 37
5522 2
1185 10
6272 1
1047 13
331 73
18439 1
8265 1
6654 1
1567 8
2522 3
7609 1
165 207
1422 4
21968 1
1620 3
755 18
1411 6
8161 1
9798 1
5682 1
595 20
1752 3
196 178
5283 1
12755 1
2482 2
7569 1
1113 7
6200 1
2693 1
4283 2
452 38
5341 1
25887 1
17317 1
2056 4
1948 5
3340 3
2918 4
76 950
7877 1
2790 3
28798 1
3363 4
984 12
2140 2
74051 1
2833 2
736 20
1351 6
13218 1
8131 1
3217 3
1860 4
1413 5
3905 2
75123 1
8992 1
2993 1
7457 1
2370 4
3226 2
8313 1
139 321
5226 1
312 72
301 83
1166 4
2145 5
356 70
5443 1
3488 1
13761 1
3587 1
3959 1
3906 2
4101 2
1744 2
2683 2
513 30
1259 9
6346 1
247 127
93 642
5180 1
1813 5
1727 2
1529 1
22075 1
8174 1
49266 1
3483 3
884 14
1481 2
18692 1
4711 1
14984 1
517 26
1184 6
21730 2
11655 1
1382 8
6469 1
1225 6
1266 5
241 119
2105 2
5740 1
653 19
846 10
10032 1
31423 1
604 23
28888 1
1438 6
9042 1
100965 1
39921 1
58685 1
28163 1
2728 2
13902 1
3728 5
6579 1
8520 1
3433 2
6628 3
1240 11
5939 1
543 24
631 27
15500 1
239 127
6296 1
1209 9
1110 7
11383 1
14557 1
4284 1
9371 1
2805 5
448 32
5535 1
286 95
2697 2
2162 3
1453 6
6540 1
39346 1
24085 1
1544 8
26979 1
643 19
691 15
5778 1
7762 1
5146 1
10332 1
59 1465
432 45
4123 1
8172 1
3085 2
2158 8
10774 1
501 27
5215 2
10401 1
128 350
13898 1
8811 2
4470 2
18195 1
600 22
25568 1
133 333
5220 1
39942 1
4333 2
20707 1
161 226
5149 1
15422 1
205 174
5292 1
45988 1
1324 9
6411 1
1645 5
4004 2
3502 2
1332 8
6046 1
3744 1
2772 2
7859 1
1712 7
29422 1
15280 1
19 10730
907 11
5994 2
36516 1
559 25
526 28
5613 1
3006 1
2039 4
5562 1
475 39
848 15
3205 1
31126 1
307 63
3216 1
554 33
2225 3
3977 2
1985 3
502 26
2355 3
22703 1
126 379
46 2249
1623 9
19241 1
13408 1
18495 1
3234 2
38307 1
58655 1
2698 1
19834 1
14747 1
17571 1
2310 3
8909 2
3822 1
15980 1
3080 1
8167 3
2012 5
8904 1
1216 8
76971 1
5753 1
1512 6
1327 3
5470 1
756 15
5843 2
24435 1
3222 1
3123 1
13396 1
36 3428
2628 4
271 109
7039 1
4682 2
30117 1
9650 1
25581 1
1574 1
22120 1
1772 4
90403 1
725 24
10039 1
4952 1
404 42
5491 1
1229 5
1109 11
7861 1
34586 1
4064 2
2806 3
347 77
764 15
5851 1
781 11
6922 1
1835 5
2426 6
2584 2
897 9
3059 1
88 708
15496 1
24329 1
9068 1
16102 1
841 16
2024 1
22570 1
75197 1
1878 5
4235 5
3000 2
780 20
3137 3
26277 1
842 11
350 66
5437 1
3989 1
15655 1
394 61
41447 1
355 72
668 19
7789 1
2702 2
4821 1
6449 1
1362 3
6073 1
986 10
1359 3
6446 2
3429 1
13702 1
9015 1
314 75
5401 2
1439 7
6526 1
112 470
10018 1
6661 1
4206 2
10855 1
582 10
5669 1
285 90
3291 1
927 13
5915 1
16188 1
253 91
7801 2
3087 1
433 40
5520 1
10858 1
585 21
2942 4
2744 1
23290 1
4677 1
463 35
10560 1
287 104
5918 1
831 11
1669 7
6756 1
90 690
2447 4
24234 1
3021 3
639 23
511 29
13560 1
8473 1
3386 3
1775 5
2089 4
7176 1
4225 2
111 457
3878 1
2051 1
32870 1
12621 1
2348 3
91215 1
4736 1
2430 3
945 16
2274 6
2076 2
22622 1
14441 1
4168 3
1811 7
6898 1
775 16
546 28
5435 1
25981 1
2903 2
7990 1
3671 1
568 24
525 21
16187 1
6013 2
926 13
827 10
11100 1
2328 4
12601 1
2093 1
1882 8
2673 2
7760 1
1793 3
12066 2
162 231
17209 1
6936 1
8092 1
3005 1
3378 3
5509 2
41514 1
422 45
795 16
9398 2
4311 2
12600 1
2327 5
1388 8
6475 2
482 41
5569 1
509 37
17008 1
1747 6
6834 1
332 89
7403 1
2316 1
5742 1
655 26
8236 1
8704 1
3617 2
12753 1
2480 4
924 10
6011 1
8190 1
8365 1
3278 2
5684 1
981 9
5190 1
262 97
40958 1
102 521
2804 3
5534 1
2303 6
7390 1
7712 1
2625 4
405 61
10678 1
9882 1
4795 1
454 43
3156 2
3784 4
29219 1
13958 2
4557 1
3761 2
8475 1
557 26
2914 3
3232 3
44324 1
3628 2
55067 1
856 13
7959 1
7860 1
18133 1
888 10
977 12
16238 1
7167 1
166 239
1703 5
6790 2
3097 1
2107 1
104837 1
7297 1
17471 1
2210 4
226 128
2082 4
6689 1
1602 1
1075 12
1432 5
23 7654
4128 4
3119 2
147 297
281 99
5368 1
55735 1
6238 1
1524 7
14154 1
3881 1
661 28
3018 3
2919 1
13192 1
134 322
5221 2
1695 5
6782 1
4435 1
1268 8
714 22
195 202
5282 1
9155 1
17352 1
7141 1
1757 1
32576 1
2054 1
4233 2
384 55
15744 1
5471 1
15645 1
522 32
2591 4
10864 1
591 31
747 17
4884 1
170 198
4058 4
9145 1
877 10
1262 4
479 37
7776 1
2689 2
343 69
30243 1
2270 4
2072 1
22618 1
244 130
990 11
4803 2
30908 1
89 714
200 148
5287 1
7271 1
2184 2
6911 1
6218 1
78129 1
1824 5
18376 1
26861 1
16588 1
6315 1
11501 1
1228 7
16581 1
6308 1
1221 14
2505 2
53870 1
12778 1
993 11
12591 1
1098 14
1571 6
7031 1
43653 1
2561 2
713 13
15700 1
5427 3
10613 1
340 68
1400 5
4639 1
9353 1
4266 1
10203 1
29 5047
16873 1
1612 9
657 24
293 75
4264 1
824 14
1711 2
6798 1
6103 1
1194 3
608 28
2965 1
640 25
5727 1
539 28
278 98
23848 1
79805 1
3401 1
13674 1
18626 1
3365 2
1029 10
4038 1
8752 1
1190 10
703196 1
6277 1
1497 8
10194 1
766 14
5853 1
15188 1
1666 2
4045 2
1688 4
579 33
36188 1
550 28
334 77
235 126
10508 1
800 10
69 1099
1550 3
32369 1
1322 6
16583 1
4661 1
14934 1
4760 3
570 22
122658 1
5359 1
4986 1
3231 1
505 34
25940 2
2081 5
7168 1
680 17
1246 7
2349 3
739 21
10167 1
6260 1
1173 7
4903 1
9990 1
1419 3
13204 2
3030 3
25337 1
3331 2
20347 1
4699 1
17818 1
1352 5
979 6
5993 1
906 12
8685 1
214 174
20760 1
412 40
8791 1
2612 1
74523 1
3305 2
4802 1
4393 1
77634 1
726 19
3369 2
267 115
2062 5
6030 2
6067 1
980 13
2218 7
3829 2
2983 3
626 33
5713 1
7697 2
2610 2
8069 1
1155 9
6242 1
2275 4
77076 1
771 14
5858 1
10042 1
4955 1
5710 1
623 20
392 58
3004 4
14789 1
5734 2
4116 1
14290 1
24464 1
13544 1
3370 2
7638 2
2452 1
12725 1
4611 3
3075 3
25774 1
339 72
6842 1
1755 6
1468 6
7112 1
2025 1
3675 1
6915 1
78826 1
946 6
20386 1
5125 1
443 32
17609 1
38155 1
7633 1
2546 1
8107 1
3200 2
1407 10
16668 1
6494 1
6586 1
16760 1
1499 5
60797 1
25188 1
1051 11
7473 1
2759 3
2323 4
6626 1
110 466
5197 1
4099 2
9186 1
8686 1
1484 1
3841 1
2005 2
6921 2
1834 8
3652 2
5027 2
3337 1
23883 1
3535 3
6517 2
1331 4
11604 1
8029 1
18302 1
3041 3
9311 1
4224 1
7916 1
2829 2
19701 1
4440 1
9527 1
3668 5
39277 1
8755 1
10418 1
145 307
7772 1
4107 3
44803 1
36407 1
798 10
306 76
724 19
218 126
5305 1
14673 1
9586 1
531 37
7602 1
4889 2
65933 1
6855 1
18399 1
54628 1
55430 1
4560 2
675 20
18686 1
8413 1
28959 1
3524 1
1586 8
112365 1
451 36
535 24
10808 1
5523 2
26069 1
15895 1
634 18
3329 1
5582 1
495 28
1971 3
24919 1
4472 1
14745 1
1073 10
6160 1
19929 1
81211 1
4906 1
476 44
8367 1
5900 1
813 16
24756 1
4309 1
14582 1
706 10
10134 1
15221 1
25395 1
606 28
10034 1
1335 5
190 165
4904 1
15078 1
399 71
5486 1
23416 1
2203 3
6768 1
1681 4
8046 1
13133 1
2959 2
4919 1
25465 1
30 4805
4252 1
4563 2
86747 1
268 110
4155 1
1436 6
6523 1
3793 1
34434 1
3912 2
7331 2
84951 1
18061 1
79699 1
8481 1
60843 1
1887 4
63525 1
7568 2
12754 1
2481 2
11120 1
847 17
9377 1
29923 1
84 745
3995 2
14169 2
37392 1
1783 6
1545 8
27178 1
6632 1
6903 1
1960 4
305 76
35221 1
107132 1
5392 1
5019 3
10106 1
7497 1
9854 1
471 39
902 13
17774 1
2568 1
211 150
1852 5
741 15
5714 1
15987 1
46806 1
1023 10
5259 3
172 215
599 20
13229 1
2956 2
8241 1
3154 1
478 27
2602 1
9138 2
3720 1
8434 1
25069 1
4721 1
3069 1
13342 1
3168 1
10307 1
34 3734
8812 1
7703 1
2616 1
1854 4
1494 10
15911 1
650 22
183 203
5270 1
381 57
19838 1
112295 1
1161 9
1062 5
11335 1
49957 1
3379 4
3280 1
13553 1
52 1801
14927 1
4753 1
17284 1
2023 6
2161 3
2863 3
506 39
13814 1
8727 1
2102 5
8 50792
3584 1
24130 1
3782 1
1271 12
6358 1
4775 1
2418 3
7132 2
1847 4
22393 1
2045 3
61 1321
63962 1
2324 2
6384 1
1297 3
1670 2
561 34
5648 2
39 3008
5126 1
1148 10
1083 8
8154 1
4486 3
2407 6
915 9
50 1898
6704 1
15153 1
1374 3
37424 1
8789 1
8905 1
288 100
5177 1
25723 1
23434 1
9017 1
70061 1
3930 1
1254 8
7122 2
2035 2
51 1895
1183 6
4019 1
5361 2
15634 1
373 58
108 504
328 74
60107 1
397 50
5385 1
15658 1
5484 1
1506 4
6593 1
74 970
5161 1
1520 2
20738 1
192 185
17 12837
2235 1
37844 1
5307 1
130 350
1239 6
276 96
7590 1
12304 1
3368 1
592 34
7663 1
23122 1
2576 4
1397 11
2516 1
1129 9
6216 1
298 85
3 343794
3957 1
1600 9
633 17
9045 1
3958 2
13071 1
2897 1
958 7
42050 1
1354 9
1981 4
1564 6
6742 1
1655 6
1611 4
6698 1
48257 1
7561 1
2276 1
22822 1
1236 5
8078 2
2991 1
1926 5
33313 1
315 73
396 49
9182 1
3897 1
24443 1
4095 1
4413 2
253676 1
820 18
3339 1
44431 1
71 1057
20136 1
3248 1
1756 3
8104 1
3017 1
1033 10
5823 1
36642 1
9141 1
240127 1
1038 11
89029 1
181 211
19214 1
3953 1
1138 4
3396 2
13669 1
6530 1
16803 1
1542 6
2661 2
4933 1
10020 1
8260 1
28608 1
464 35
5178 2
91 667
15352 1
1295 6
549 23
2263 3
2065 3
22611 1
6588 1
1501 5
1874 2
8945 1
3858 1
3540 1
5558 1
324021 1
6149 1
15950 1
689 16
7133 1
1947 4
12220 1
319 71
220 146
10493 1
111098 1
4271 1
125414 1
2138 5
7225 1
6852 1
1765 4
473 32
5560 1
198 178
6550 1
6154 1
47246 1
1463 9
2503 1
12776 1
23049 1
174 205
3020 1
54385 1
6514 1
37333 1
1978 4
257 106
81948 1
5643 1
556 25
1832 3
105 532
5217 1
15490 1
5316 1
229 136
1967 2
7054 2
13752 1
3578 1
1937 2
27003 1
1568 4
6655 1
35875 1
266 106
10608 1
335 57
5422 1
466 49
367 61
10640 1
338 74
1423 8
6510 1
4359 1
2002 6
326 71
10599 1
425 43
96428 1
35324 1
4505 1
1178 8
472 29
6039 1
11225 1
952 13
3055 1
7769 1
6335 1
11521 1
1248 6
1479 2
34464 1
16282 1
652 30
4521 1
14794 1
102405 1
665 18
5752 1
498 44
10 33370
5097 1
855 20
2228 3
7315 1
1572 4
6659 3
65 1231
3367 1
8454 1
9468 1
19642 1
10313 1
40 2880
3695 1
8782 1
8409 2
240 135
5327 1
1519 8
11792 1
16879 1
19708 1
9435 1
14522 1
7 64764
6987 1
27533 1
2098 3
7185 1
2026 3
429 38
5516 1
1343 3
1091 11
9 40662
3475 2
1118 7
6205 1
2227 4
625 27
10720 1
447 48
31266 1
744 10
4789 1
75 938
2432 2
1871 4
3238 1
13511 1
2319 2
2474 1
12747 1
2573 1
962 7
7002 2
108742 1
5988 2
901 13
802 11
11075 1
8345 1
13432 1
33150 1
12604 1
2331 5
135880 1
13891 2
3618 1
8705 1
3869 1
274 95
6307 3
1220 9
1593 8
55526 1
9743 1
6029 1
942 11
2932 4
575 26
3686 2
4646 2
125 422
19120 1
3859 1
30238 1
9692 1
14779 1
264 95
5351 1
1060 9
961 12
11234 1
2134 3
2253 4
1020 12
1384 6
773 14
5860 1
8339 1
8195 1
29408 1
5977 1
24166 1
3620 2
39229 1
154 308
5241 3
4334 1
96791 1
138 320
88550 1
1231 7
28803 1
152079 1
4556 2
34253 1
3731 1
3612 1
139179 1
116 462
814 11
14956 1
9411 3
1084 10
14945 1
4771 1
14199 1
4025 3
10949 1
676 16
28960 1
18786 1
3525 1
25108 1
4562 1
1518 7
409 49
10229 1
10328 1
55 1656
10521 1
248 126
5082 2
81387 1
368 45
9796 1
117 456
6910 1
1823 1
4199 3
1842 6
2951 2
18680 1
3419 1
43 2627
1203 5
3560 1
8647 1
10315 1
42 2656
15605 1
36052 1
25779 1
344 80
11 28271
4009 4
14282 1
20686 1
140 300
41 2738
10314 1
1651 5
88860 1
2381 2
7468 2
194 184
541 32
5628 2
6230 1
1143 6
57954 1
6927 1
27473 1
2028 5
22574 1
12499 1
2226 4
4030 2
6879 1
153 322
386 53
31205 1
2042 7
43134 1
2438 2
2101 2
27 5578
7527 1
2440 3
2813 2
24468 1
3922 2
34732 1
5067 1
47493 1
10626 1
353 62
9302 1
2231 4
13 20947
5100 1
3120 2
2940 2
956 10
98110 1
15242 1
4855 1
15417 1
20504 1
8381 2
18654 1
8346 2
15139 1
2509 3
12782 1
141244 1
7695 1
2608 2
251 125
949 15
434 40
4894 1
7786 1
3072 1
17214 1
94 633
2451 2
36374 1
765 21
886 12
11236 1
963 9
6050 1
3987 1
24533 1
4185 2
4086 1
14359 1
1082 5
1749 4
881 17
3040 1
44132 1
2103 2
1730 2
98624 1
47259 1
1541 2
11814 1
1640 3
23599 1
4465 1
1050 10
6137 1
180182 1
2038 3
12311 1
2137 3
9813 1
2742 4
7834 1
18107 1
6237 3
68 1157
5155 1
2278 3
294 105
9722 2
86465 1
67609 1
1478 4
8027 1
69665 1
3534 1
13398 1
3125 2
3349 3
6452 1
48 2086
58973 1
25 6555
188339 1
120 362
21 8880
10294 1
5596 1
87780 1
19717 1
7932 1
2845 2
2194 4
1061 3
13552 1
3279 2
8366 1
916 15
2170 1
70976 1
20106 1
100 552
44 2357
5624 1
537 36
7981 1
21161 1
615 22
15975 1
5702 1
1643 6
6079 1
992 11
1293 11
5373 2
67011 1
11153 1
880 11
1015 14
5729 2
642 18
7898 1
90082 1
516 39
58403 1
7533 2
7093 1
22 8299
91945 1
5466 1
379 49
2372 3
15 16440
369 54
57683 1
6813 1
2233 5
1812 3
6899 1
4836 1
35655 1
25382 1
8747 1
3660 2
1150 8
42242 1
1546 3
55340 1
96432 1
8963 1
111693 1
2152 3
3427 2
1070 8
6157 1
10279 1
6 86304
30825 1
303 86
1207 9
359 64
260 109
10533 1
9787 1
4700 1
49 1983
5136 1
30571 1
18 11691
6645 2
22104 1
1558 6
5996 1
909 9
823 14
57391 1
1434 6
3189 2
832 14
5919 1
12 24052
515 26
7586 1
12673 1
2499 1
3011 1
932 8
485 37
5243 1
15516 1
255 116
156 241
10429 1
5342 1
1658 4
47 2146
5134 1
19968 1
25055 1
4608 1
14881 1
586 23
7657 1
2570 1
3360 2
2241 2
1003 13
32680 1
1861 5
6575 2
1488 7
2139 4
83 850
1489 3
624 21
782 25
38494 1
2885 2
9222 1
148285 1
5849 2
762 14
4542 2
131820 1
82308 1
124 386
5211 1
236 131
4669 1
1340 6
6054 2
967 5
16228 1
1995 6
5409 1
1507 3
241051 1
767 17
35778 1
4959 1
245 129
146 275
10419 2
786 17
1659 2
225 140
5312 1
348 72
1523 10
4850 1
15024 1
3769 2
442 36
5430 3
15703 1
26075 1
5529 2
441 52
17048 1
1787 6
277 90
5364 1
4018 1
2486 6
622 20
5709 1
3949 2
8739 2
39558 1
20429 1
1588 5
52953 1
14138 1
830 18
1939 7
324 79
6428 2
54 1695
10129 1
20402 1
991 14
1227 8
16036 1
36582 1
973 15
9535 1
4448 2
4666 2
30326 1
188 182
5275 1
1355 8
5458 1
272 101
10545 1
371 55
2388 5
7475 1
17649 1
31 4536
5118 1
9459 1
107102 1
4372 2
5023 1
1309 6
46092 1
309 104
2600 2
4112 2
14385 1
4211 2
243 117
45 2247
20591 1
9315 1
70953 1
337 59
589 25
470 30
35825 1
10489 1
216 146
8417 1
3330 1
3347 1
64985 1
48486 1
2604 2
12877 1
2703 4
3583 1
1766 3
494870 1
256 101
40023 1
2311 3
1618 5
73529 1
9679 1
40201 1
26178 1
743 10
48102 1
7010 1
1923 2
2118 3
32937 1
2415 3
33 4008
5120 2
7104 1
28734 1
10723 2
450 44
5537 1
34154 1
3632 2
1576 3
1942 3
24845 1
4299 1
14586 1
4412 2
6803 1
130079 1
18165 1
2904 1
37 3260
97629 1
976 8
5238 3
151 270
40600 1
30327 1
9979 1
1300 8
106 547
4820 2
169156 1
1285 8
18308 1
2358 1
1 5291158
141 314
205601 1
32940 1
2121 2
542 28
3426 2
180 198
81 854
10354 1
5267 1
10430 1
157 265
172218 1
221 153
10494 1
19176 2
3717 2
24263 1
3915 3
5431 1
334167 1
3512 1
57 1539
598 21
3786 2
6143 1
1056 6
1707 5
2037 6
1935 4
2052 2
12325 1
2151 3
540 26
5627 1
3167 3
8590 1
10683 1
410 58
758 12
3501 1
24047 1
1121 12
27794 1
1867 4
8796 1
1725 2
551 22
5440 1
25986 1
20843 1
297 96
99 544
20645 1
418 43
8181 1
1364 7
6451 1
321 84
30264 1
2187 5
22733 1
17646 1
13305 2
3131 1
9415 1
2618 2
12891 1
1106 14
2215 5
1722 3
613 39
5403 1
36222 1
375 62
2301 2
12574 1
7190 1
38009 1
960 12
3466 1
1375 7
11648 1
1474 8
2220 1
1522 3
7765 2
2678 1
416 48
1928 1
12201 1
833 11
5920 1
5547 1
460 34
5074 2
9788 1
34130 1
8695 1
3608 2
3489 2
79794 1
1132 7
2512 1
155 289
32775 1
1956 4
58035 1
6670 1
1583 5
9027 1
466651 1
2392 4
35 3601
3346 1
989 5
149 280
5236 1
4738 3
2605 1
3351 1
51160 1
8734 1
3647 1
619 27
5706 1
78 868
75720 1
14082 1
2373 2
16 14667
3124 2
23670 1
13397 1
3223 4
1071 12
530 41
2343 4
2244 3
12517 2
30068 1
2779 5
1089 3
21635 1
6374 2
1287 7
4382 1
19643 1
291 73
46074 1
5005 2
4035 1
1678 6
1966 3
5 122342
1451 3
8687 1
2395 2
17656 1
7109 1
1626 6
11899 1
42718 1
2022 3
4613 2
2256 4
17517 1
4885 1
35526 1
2601 1
7865 1
2778 2
29078 1
3643 3
380 59
5467 1
2737 1
7824 1
10650 1
377 62
5091 2
4 190095
8779 1
34511 1
3692 1
673 22
99667 1
3014 3
7664 1
966 17
6338 1
126545 1
995 12
8066 2
23525 1
2979 2
153343 1
733 20
8312 1
1241 8
8134 2
38953 1
500 43
2857 2
10425 1
152 294
372 45
3270 2
18630 1
8357 1
913 18
769 11
47909 1
2495 1
33314 1
53860 1
2990 2
8077 1
80068 1
3276 1
63 1298
28101 1
7030 1
1943 2
27305 1
12143 1
1870 7
5397 1
310 82
38395 1
2803 1
13076 1
17790 1
2529 2
21837 1
1291 11
10029 1
4942 1
21147 1
601 17
18916 1
16559 1
1298 6
25320 1
4774 1
60 1418
401 46
5115 2
28 5342
246 117
1718 4
11991 1
1817 1
346 61
5433 2
14488 1
1211 10
4503 1
2146 7
29942 1
5398 1
311 77
10112 1
1369 9
131 386
11474 1
1201 9
6288 1
24652 1
4304 1
40042 1
9520 1
4433 1
3195 1
105795 1
4055 1
10713 1
440 36
8468 1
3381 1
651 14
5354 1
272452 1
7583 1
4381 2
14654 1
512 29
15872 1
5599 2
237 132
5618 1
26164 2
729 16
39097 1
9710 1
25169 1
4623 1
282 98
363190 1
1617 7
42709 1
2013 8
547 30
1030 13
6117 2
199 164
4913 1
24044 1
19330 1
3003 2
646 23
5360 2
273 111
68999 1
3568 1
345 54
11727 1
1454 3
251910 1
167 207
2115 5
3224 4
1278 6
11551 1
1377 5
28050 1
2123 7
4227 2
18943 1
8769 1
2444 3
87 740
5174 1
8681 1
3594 1
3122 1
13395 1
8089 1
3375 3
8462 1
39972 1
9450 1
2652 1
295 86
732 25
64 1256
8288 1
3201 1
55528 1
66296 1
4658 2
1317 9
5179 1
39078 1
263 107
164 238
10437 1
5350 2
7339 1
2574 1
3241 1
23787 1
217 146
6156 2
11342 1
1069 3
597 34
10870 1
58792 1
8234 1
1163 13
428 48
36781 1
1172 6
1426 3
317 93
2564 4
4743 1
35562 1
20301 1
10480 1
207 176
871 12
10591 1
318 88
32 4294
2250 3
1737 5
66 1164
2264 2
12537 1
2363 2
752 15
2243 3
12516 1
7429 1
2342 1
731 23
20732 1
186 163
28976 1
142 299
230 126
2587 1
4337 1
4874 3
160 235
1269 10
9903 1
1306 7
5175 1
15448 1
187 175
5274 2
1367 11
20223 1
31819 1
1000 14
6087 1
1316 2
27616 1
41685 1
593 17
15854 1
259 112
3994 1
1590 6
481 37
4074 1
1717 2
114 421
5201 1
1008 12
2837 1
7924 1
2738 1
13011 1
40549 1
176 206
42536 1
1444 9
13788 1
1158 4
11431 1
1257 6
341 71
2657 4
300 85
86 741
1131 9
1798 4
22344 1
11546 1
1273 10
39265 1
3656 2
6267 1
1180 7
21682 1
1136 9
2747 4
948 7
103 532
10376 1
202 155
19041 1
3780 2
10458 1
185 189
2542 4
233288 1
5326 1
25872 1
437 60
1328 7
1338 4
11611 1
521 30
5608 3
15073 1
931 13
2768 5
2669 2
12942 1
10684 1
411 62
7709 1
2622 3
2523 1
12796 1
5352 1
638 21
1431 5
42523 1
12100 1
1827 3
1053676 1
667 18
97 601
3719 3
3042 3
2654 3
914 11
3150 2
4093 1
16809 1
1548 3
9738 1
56 1584
9484 1
3530 3
3893 3
2188 4
8150 1
3063 1
52444 1
1079 13
1092 18
151526 1
52043 1
678 29
5765 1
9164 1
4294 1
3885 1
562 31
10088 1
2172 3
12445 1
660 27
580 25
462 36
84094 1
1910 1
6997 1
584 24
5671 1
98330 1
6764 1
1677 2
4050 2
1693 7
1594 2
11867 1
1945 4
7032 2
8486 3
1415 7
6403 2
16676 1
5020 1
10107 1
6542 1
1455 4
1828 3
178 200
7941 1
53 1691
1002 10
6089 1
95 592
2987 2
14772 1
630 16
4375 1
55740 1
905 15
21451 1
1103 11
238 118
74541 1
565 22
5652 1
4325 1
6682 1
96 613
5183 2
2453 5
9224 1
1406 13
523 23
5237 1
150 281
38235 1
2626 4
2455 2
12728 1
2059 2
53424 1
2554 2
2338 3
382 59
47120 1
1337 9
7051 2
1964 3
1492 8
11765 1
10809 1
536 25
15896 1
5623 1
2893 3
10700 1
427 37
1866 3
1556 4
127 360
8307 2
13727 1
3454 1
8541 1
5984 1
26530 1
1095 12
2960 3
18221 1
603 27
21050 1
504 35
10777 1
9342 1
4255 1
14595 1
19781 1
9508 2
453 38
693 21
9276 1
19549 1
468 38
5258 1
36077 1
3837 2
24185 1
1480 11
6567 1
421 46
322 75
10595 1
15105 1
4832 3
118 429
14 18347
1123 9
1024 10
11297 1
1177 6
6066 2
26612 1
8994 1
9851 1
86156 1
3257 2
900 7
5888 1
16161 1
50397 1
2 848893
4716 1
64596 1
8639 2
5137 1
97594 1
941 18
21860 1
1314 4
32344 1
1525 3
8596 1
3509 3
41795 1
703 19
7852 1
408 43
5495 1
1372 10
11645 1
1471 8
19080 1
3819 1
2581 4
224 136
5457 2
370 63
10171 1
2889 5
7976 1
40601 1
532 27
2794 2
533 19
15794 1
7604 2
1066 11
5441 2
354 52
6203 2
1116 11
30881 1
62 1377
77692 1
11660 1
1387 2
12197 1
1924 2
6912 1
17185 1
4142 1
2092 8
2501 5
144 298
602 23
5689 1
8502 1
2066 3
1769 5
32588 1
5809 1
722 17
330 74
656 21
30599 1
77 922
261 103
1357 7
3714 3
1965 3
63603 1
2559 3
6702 2
5844 1
757 23
20261 1
299 69
3935 3
1578 3
712 9
3931 4
4339 2
34861 1
53836 1
2966 1
3986 1
2383 4
7097 1
56594 1
5724 2
637 20
10299 1
26 6216
5113 1
1637 3
738 19
3095 2
12372 1
2099 2
7186 1
1191 7
6278 1
48331 1
2548 1
2049 5
18548 1
6291 2
1204 5
252 104
9680 1
8045 1
27549 1
2114 4
18743 1
3482 3
18139 1
7965 1
57541 1
8319 1
67 1216
3758 2
44850 1
104 518
3973 3
14246 1
1632 6
2718 2
7706 1
17979 1
6113 1
1026 9
9767 1
7966 1
895 8
921 7
2433 1
12706 1
2532 2
2237 3
4594 1
17502 1
7229 1
4872 1
158 263
6492 1
1405 9
3112 1
44204 1
3247 1
1830 4
310020 1
2765 2
13038 1
13137 1
2864 2
2071 1
43163 1
2467 4
465 42
4643 2
45735 1
5039 1
107 510
10380 1
206 154
3457 1
1100 13
1085 12
5029 1
22353 1
1807 3
6894 1
132 386
5219 2
33308 1
2489 4
5114 1
107844 1
835 18
528 31
2769 1
487 32
100227 1
851 17
4219 1
1336 14
21882 1
1534 4
3196 3
3077 3
1252 4
596 22
31976 1
1157 10
959 11
21505 1
16144 1
5871 1
784 17
6886 1
1799 3
87024 1
545 25
11167 1
894 14
5981 1
233 111
5320 3
37945 1
58 1554
197 141
5284 1
1863 3
2086 2
90787 1
4443 1
553 23
5640 1
1077 9
26372 2
937 7
2624 2
33443 1
9873 1
7516 1
862 17
3274 1
80 831
454981 1
1249 7
2307 2
29924 1
9378 1
4664 4
9751 1
12921 1
2648 2
19225 1
8952 1
14511 1
4238 3
2740 2
2306 6
10162 1
5075 1
734 20
362 63
7433 2
2346 4
885 15
3242 3
2458 3
10374 1
101 557
5782 1
6916 2
1829 4
2202 3
1238 7
129 376
1088 9
23655 1
85 732
137 322
38 3190
10311 1
821 13
3845 1
3504 1
5554 1
467 32
840 8
168 254
10543 2
270 93
7184 1
113 465
8152 1
1081 10
6168 1
3713 1
1356 9
10766 1
493 28
645 17
648 20
2246 2
73 968
5463 1
10649 1
376 51
20796 1
250 105
2122 4
1304 6
20231 1
4416 1
14689 1
24962 1
55781 1
3927 1
804 15
705 24
10978 1
59729 1
7875 1
109 514
1025 5
2891 1
534 37
5621 1
7605 1
9792 1
20065 1
836 15
34408 1
3589 1
8577 1
18850 1
2339 3
4203 3
459 47
8151 2
3064 1
2592 1
12865 1
2255 4
1410 3
11683 1
1509 6
14274 1
9187 1
4100 1
988 9
11261 1
1087 6
308 88
1853 7
11090 1
817 18
8215 1
4549 1
1549 5
21247 1
701 17
184 198
3593 1
5085 2
9631 1
203 158
853 12
15087 1
4814 1
793 14
31612 1
1090 8
2884 3
16211 1
950 14
25173 1
16629 1
1368 5
7960 1
363 47
4144 1
1036 14
6123 1
1614 5
935 13
19105 1
4954 2
11693 1
1420 6
868 6
2254 5
4154 2
14427 1
4253 1
12935 1
577 24
2607 1
2877 3
1310 8
2378 4
2279 2
12552 1
14575 1
6703 1
1616 8
6752 1
2865 1
7269 1
2083 4
12356 1
2182 1
7471 1
48563 1
18041 1
42588 1
1496 8
16658 2
26931 1
1018 10
1330 9
6417 1
4411 1
1801 2
2296 3
2018 2
10687 1
414 53
892 19
1872 3
2369 4
930 20
6017 2
694 12
1992 4
2882 2
2289 2
574 22
419 38
5506 2
2305 3
3556 2
987 9
2635 3
13745 1
222 165
68370 1
2239 1
867 13
2526 1
23072 1
1187 6
3317 1
692 14
3026 1
8113 1
3610 1
4607 1
9694 1
1102 8
1080 7
3868 2
3211 2
883 12
41975 1
19985 1
11433 1
1160 6
6247 1
4127 2
1288 4
1442 5
6529 1
35906 1
5087 1
4534 1
2981 2
1682 4
4047 1
29456 1
8910 1
3823 1
3538 2
57534 1
1577 4
27103 1
10955 1
31501 1
682 25
3520 3
19425 1
4164 2
426 45
2629 4
7716 1
15103 1
4830 1
2785 2
420 30
10693 1
519 27
45112 1
4020 1
474 45
51725 1
360 67
1348 11
3036 1
8123 1
3105 3
4867 2
19323 1
4062 1
7449 1
2362 6
8728 1
8360 1
247146 1
594 28
4176 1
14509 1
4335 2
2047 1
14278 1
2021 4
7061 1
1974 5
4526 1
9613 2
4268 3
8785 1
1560 7
6962 1
53240 1
1875 4
4530 2
2312 3
1007 12
6094 1
209 157
2454 2
1938 3
7223 1
2136 2
2989 2
4346 2
1804 4
62827 1
1189 3
8127 1
2892 3
2899 1
33718 1
13172 1
2730 2
1650 7
9618 1
3564 1
10661 1
388 44
790 21
1613 8
14345 1
852 18
11125 1
6038 1
951 8
1441 4
10887 1
614 23
390 50
5477 1
325 70
26660 1
6114 1
2067 4
578 27
14007 1
7975 1
1634 6
6721 2
1566 3
3752 2
2368 2
1714 2
2423 5
2126 3
32945 1
1700 3
114594 1
1591 5
11864 1
1690 4
20 9695
10293 1
119 401
2688 4
8375 1
776 17
26211 1
778 10
5865 1
8858 1
8899 1
3812 2
1999 7
1325 5
28119 1
72 1026
10246 1
21577 1
1031 6
8536 1
2347 1
30233 1
607 20
2957 3
44049 1
3353 1
863 18
768 24
461 36
2736 2
7823 1
876 10
82 779
173 221
6883 1
8244 1
7724 1
4780 1
7994 1
2907 3
19449 1
179 194
5266 1
2588 3
11789 1
1516 7
7791 1
1604 5
1253 7
1977 5
616 25
1210 11
6297 1
715 25
8649 3
3562 2
10105 2
20869 2
323 68
159 243
10394 1
30940 1
121 434
3840 3
3741 2
14014 1
4514 2
182 202
499 38
5586 1
564 32
1068 10
1133 13
26568 1
16493 1
6220 1
1234 9
4640 1
1822 3
22368 1
1500 3
1054 9
3875 1
6209 1
1122 8
975 14
11548 1
104005 1
1275 3
34161 1
3519 2
33922 1
2646 1
7733 1
22519 1
1973 4
4455 2
3377 1
23923 1
12533 1
2260 3
1383 3
494 34
14024 1
3751 1
19111 1
8838 1
15218 1
2599 3
1153 10
936 14
1759 3
6420 1
1333 4
4298 1
366 61
5453 2
811 16
4417 2
2192 2
17453 1
6313 1
1226 3
1198 8
6534 1
8002 1
1376 9
4869 1
9888 1
8531 1
1950 2
6873 1
4839 1
3013 1
8753 1
3666 1
923 10
13693 1
3420 1
3321 1
13594 1
3345 2
1739 3
1290 7
13343 2
1660 4
558 33
1916 4
5539 1
36358 1
749 23
1427 8
9609 2
1750 5
29806 1
3118 3
69870 1
18136 1
8653 2
2374 1
1735 6
3588 2
75499 1
6709 1
1622 3
899 13
21542 1
996 4
4377 2
29571 1
4136 1
11738 1
1465 3
1149 8
16509 1
6236 1
431 44
6195 3
2812 1
13085 1
2911 1
1280 6
11639 1
1366 2
4184 1
3267 1
8953 1
212 174
3759 1
115 444
636 25
3715 2
6854 2
3416 1
94356 1
1899 4
1255 6
16516 1
477 35
5564 1
7782 1
14444 1
4270 2
3571 1
13844 2
1390 7
809 14
1483 5
57312 1
5947 2
860 13
2650 3
10496 1
223 130
6800 1
40317 1
1224 6
33694 1
994 8
2321 2
3204 2
8291 1
686 23
20484 1
136 334
2154 4
6262 1
1175 6
398 47
2710 1
27406 1
6860 1
13600 1
3327 1
2623 2
7506 1
12648 1
2375 2
7591 1
22753 1
33026 1
1165 11
3303 1
566 34
80102 1
4453 1
4427 1
9514 1
38665 1
11904 1
1631 5
17638 1
7365 2
38184 1
2575 2
9615 1
5052 2
3028 1
13301 2
8214 1
8921 1
1619 6
3193 1
4692 1
8688 1
9361 1
514 34
4122 1
873 12
9384 1
2631 3
6793 1
1706 3
2994 2
1671 2
231 120
920 15
21748 1
1202 2
1004 14
21550 1
3828 1
143 284
9775 1
29218 1
1814 5
4696 1
9783 1
6057 2
4720 2
148 284
15098 1
25272 1
1836 7
1389 8
1530 5
6163 1
4679 1
828 14
16957 1
1696 2
6871 1
57741 1
10631 1
358 63
1570 3
6657 1
16630 1
6357 1
72921 1
1010 5
12853 1
663 19
1208 6
417 52
29512 1
8966 1
3879 1
1526 2
1907 6
4115 1
1653 5
5059 1
10146 1
11894 1
1621 9
944 14
2741 4
14791 1
9800 2
4390 1
7452 1
2365 2
2441 4
1296 6
1736 5
3577 1
1639 3
4776 2
14478 1
4205 1
6979 1
17252 1
1991 2
7078 1
7292 1
2205 1
1607 1
1770 3
455 49
7543 1
2456 1
2379 3
7466 1
10742 1
469 35
5556 1
679 21
4559 2
5012 1
1675 7
32494 1
27367 1
7019 2
1932 3
807 16
5997 2
5898 1
16171 1
3447 2
313 70
3888 1
3659 2
3192 1
750 18
5837 1
16756 1
6582 1
32314 1
22041 1
1495 3
135 309
3473 1
13746 1
8659 1
6410 1
1323 5
1393 8
14194 1
3921 2
1644 6
2881 4
3966 1
24791 1
4245 1
1721 2
6808 1
3607 1
2511 6
2150 1
571 21
2001 3
7088 1
1012 11
4819 1
1276 7
14080 1
3807 1
947 13
720 20
1844 3
3991 3
698 23
96048 1
65229 1
3591 2
8986 1
4686 2
685 17
2074 4
3800 2
805 14
874 14
5961 2
789 12
2155 5
3962 1
2285 3
628 19
4547 1
7593 1
12779 1
2506 2
4070 1
2333 1
38509 1
6592 1
11778 1
1505 3
1748 6
27183 1
2649 2
1543 5
15541 1
280 73
727 12
104221 1
1491 2
983 10
351 72
5438 1
74592 1
2681 1
2659 1
24676 1
4130 2
391 56
5478 3
4493 1
1139 3
3275 1
3648 2
3487 1
1032 10
3920 2
24984 1
3246 1
20329 1
10056 1
1493 7
13565 1
3292 2
14615 1
4342 1
1745 6
17006 1
329 64
2948 1
9093 1
2463 5
697 26
1557 2
15923 1
56619 1
662 19
72401 1
10763 1
490 30
3160 3
364 54
265 83
10538 1
978 12
1043 9
6031 1
16304 1
11081 1
808 19
2984 4
812 11
2975 2
2876 1
13149 1
1107 5
2070 3
7036 1
1949 4
2061 5
5065 1
2041 5
1170 7
1303 5
1027 10
11300 1
234 122
1679 1
3923 1
9010 1
1360 7
8193 1
1321 11
430 44
1086 10
1975 7
14255 1
1378 7
6215 1
3102 2
891 10
2087 1
12360 1
529 44
4039 3
3413 1
1145 7
1361 5
12328 1
2055 2
4693 2
5576 1
489 32
2460 2
7547 1
8933 1
3846 1
4749 1
2390 1
15220 1
797 12
191 194
92 688
10365 1
2708 1
12981 1
14218 1
3945 1
690 13
5777 3
3203 4
8290 1
4008 4
1215 6
1063 5
7936 1
6021 2
934 14
336 66
12333 1
2060 2
22606 1
2258 1
6748 1
1661 3
320 64
10593 1
41412 1
716 15
12786 1
3513 2
15230 1
4957 2
761 19
1780 4
12224 1
1951 2
27386 1
4714 2
2230 2
2686 3
7773 1
4296 1
605 18
2844 1
2824 4
10679 1
406 44
46585 1
5493 1
4532 1
14805 1
296 87
98 595
20644 1
1176 9
123 367
24 7142
10297 1
9845 1
964 16
1587 8
27361 1
6815 1
1728 4
269 97
5356 1
3417 1
18678 1
7524 1
2437 2
702 20
10975 1
1200 6
13202 1
2929 2
2743 1
1144 11
2721 5
2360 2
4201 2
4838 1
2080 1
12353 1
2179 4
2663 4
893 15
1093 10
709 13
3821 1
3722 2
13995 1
1502 6
249 123
28625 1
8885 1
16403 1
289 85
304 96
11139 1
866 15
51920 1
555 27
27755 1
2320 2
4826 2
1042 12
6086 1
11272 1
999 8
8772 1
2789 5
7876 1
3099 2
2106 2
7193 1
2996 2
33518 1
647 33
21193 1
783 12
1217 6
1796 7
12069 1
1895 5
31111 1
292 86
51657 1
787 11
10668 1
395 57
26028 1
5482 1
56420 1
5055 1
4685 2
10994 1
721 16
200995 1
5808 1
29443 1
8897 1
7020 1
17293 1
2032 3
11312 1
1039 13
2030 3
302 86
37642 1
7120 1
2497 3
2510 4
2223 5
42789 1
1697 2
204 158
2483 2
620 20
2999 2
13272 1
8185 1
93769 1
1312 11
1114 5
21660 1
1521 5
1146 8
4589 1
9242 1
19515 1
2345 1
1101 11
4067 1
4730 1
491 31
10764 1
590 30
49362 1
3546 2
4595 1
383 59
20929 1
581 28
503 27
201 165
25834 1
5288 1
1261 5
672 18
11351 1
1078 13
13109 1
2651 3
772 17
26207 1
7316 1
7499 2
13938 1
6690 1
1603 1
1009 13
21967 1
1421 5
361 55
1137 8
1433 7
1334 7
11607 2
492 33
5579 1
2351 4
8061 1
2974 1
5038 1
283 105
2308 2
3078 2
1547 5
31758 1
939 14
456 36
5543 1
14003 1
3730 1
3163 1
63039 1
1401 4
1642 4
2153 4
10622 1
349 70
11190 1
917 3
480 34
6683 1
1596 4
4861 1
4147 1
815 17
576 28
3282 3
3183 1
13456 1
12014 1
1741 2
3602 1
8491 1
29037 1
1672 2
859 7
5946 1
704 16
2268 6
4553 1
25099 1
9430 1
4343 1
7670 1
1380 6
35359 2
4540 1
4684 1
1358 9
13680 1
3407 3
719 18
10992 1
818 10
806 12
3557 1
10064 1
4977 2
15219 1
1396 4
13119 1
327 68
5414 1
2853 3
2251 2
63889 1
12524 1
3035 1
1776 3
2209 1
333 68
23459 1
2913 4
8110 2
2344 3
5500 2
413 47
3390 1
2141 1
3176 1
922 7
1174 7
3777 2
8864 1
193 178
3134 2
16095 1
8471 1
3384 2
1435 5
3129 4
1195 5
6282 1
3313 3
8420 1
14649 1
1404 8
449 33
1059 5
3471 1
24017 1
5924 1
837 14
3838 1
9061 1
1865 2
8930 1
8588 1
21557 1
1011 17
1094 9
11988 1
1715 5
997 8
9548 1
1074 9
6161 1
7525 1
28071 1
20193 1
9920 1
1941 5
1909 3
12182 1
4794 1
2371 2
12644 1
1247 10
6334 1
2658 1
4469 2
14742 1
189 164
5276 1
8911 1
3691 2
8778 1
3295 2
13568 1
44387 1
669 19
1877 1
22423 1
2075 3
681 21
7368 1
2281 2
6960 1
4479 1
19740 1
7680 1
1167 4
1692 6
618 23
9185 1
9448 1
1647 4
6734 1
8977 1
3890 1
1676 6
896 9
3764 1
14037 1
4261 1
407 43
2617 3
389 56
5476 1
1994 1
3993 1
14266 1
34812 1
52035 1
670 23
4369 3
1934 1
2245 1
19400 1
1552 3
10024 1
4937 1
954 11
6041 1
2164 2
2731 2
1281 8
6368 1
18218 1
2477 3
17369 1
2108 2
2692 1
1213 6
1448 3
1781 3
520 21
3316 1
3165 3
2524 1
21559 1
1013 12
365 45
2282 5
1034 4
4419 2
1119 7
9118 1
4031 2
12368 1
2095 3
1996 3
12269 2
2726 3
2009 6
3748 2
42147 1
1055 5
11328 1
1154 8
2329 4
3442 1
1848 4
572 24
1005 14
22501 1
1955 3
1044 13
6131 1
228 138
5941 1
854 11
10660 1
387 47
2000 2
8271 1
21587 1
1041 11
8139 1
3052 2
1859 4
3678 1
1628 2
17632 1
2783 3
7056 1
1969 3
14011 1
3738 2
242 120
22603 1
2057 3
12330 1
2156 3
4859 1
2217 3
2133 2
385 44
2208 2
18066 1
7793 1
869 16
671 17
21217 1
3870 1
96327 1
83878 1
1694 2
1850 2
8387 1
3300 2
695 21
10968 1
794 17
8548 1
18722 1
3461 1
11517 1
1244 3
13245 1
2972 2
2873 1
13146 1
15117 1
22447 1
1901 2
1563 5
445 32
1349 6
3284 1
124536 1
1260 8
6347 1
918 11
1846 1
227 137
5116 1
25662 1
7001 1
316 73
1891 4
4783 1
1802 2
4883 1
723 14
10130 1
5043 1
4944 2
15217 1
8517 1
3145 3
193251 1
39156 1
8337 1
13523 1
3250 1
718 17
3387 1
3315 2
13736 1
3463 1
4301 1
1821 1
3019 1
548 25
1162 9
2937 3
12933 1
2660 2
5890 1
803 11
11238 1
965 7
707 16
1037 8
6124 2
1790 3
486 31
14769 1
4496 1
2313 4
2566 2
11117 1
844 7
16204 1
5931 1
3024 1
3236 2
8323 1
2647 1
12920 1
56971 1
1014 5
9560 1
374 61
19796 1
4535 2
7840 1
1424 2
1527 6
6614 1
258 107
792 8
5879 1
849 12
9492 1
1282 7
1482 5
6569 1
4066 1
710 21
1912 1
12185 1
2011 2
1894 6
23543 1
2997 1
4644 1
10006 1
1392 7
4471 1
7247 1
13936 1
8849 1
10008 1
1562 3
4364 1
677 22
819 15
1053 6
6322 1
1235 10
488 34
2384 2
10010 1
1532 4
4316 1
7270 1
2183 2
4626 2
4221 1
14494 1
4320 1
4170 1
5872 1
31604 1
785 10
290 84
51655 1
3677 3
8738 1
14273 1
4000 1
1987 3
1283 5
1159 5
3967 1
1778 3
1399 4
2855 1
3505 1
1833 1
1734 8
12007 1
1968 5
1782 3
22328 1
1980 4
6501 1
1414 7
1230 8
13806 1
3533 2
3623 1
3555 1
34374 1
8386 1
18659 1
649 26
12670 1
2397 2
21568 1
11295 1
1022 7
4796 1
3467 2
2135 3
29918 1
171 243
4599 1
2539 1
1464 9
4088 2
3443 2
24783 1
14510 1
3046 1
12230 1
1957 6
611 26
3389 1
7463 1
3001 1
18419 1
1997 2
12270 2
1869 2
2196 3
12006 1
1733 5
4152 2
14425 1
10071 1
4984 2
2434 4
4746 2
2556 1
12730 1
1699 3
2213 1
12695 1
2422 2
3093 1
3293 1
1212 5
1921 5
7008 1
1067 11
1001 12
8025 1
6227 1
2939 2
583 24
4265 3
843 12
3847 1
2330 1
22004 1
1458 3
6545 1
1040 12
6127 2
2766 1
11318 1
1045 9
1954 3
22434 1
1888 2
1597 7
1838 3
2944 3
3410 1
14313 1
4040 2
14214 1
1402 5
34064 1
3245 1
1589 3
664 15
908 8
3277 4
13550 1
3376 1
24493 1
1662 5
25377 1
4831 2
2298 1
2431 1
2425 2
444 43
5531 1
2169 4
23850 1
3304 1
3186 2
342 88
3243 1
2004 4
1508 6
1754 4
1307 3
1112 11
4539 1
12709 1
2436 2
1701 4
4036 1
3058 1
1385 5
31572 1
753 15
8551 1
1135 8
10065 1
998 5
2466 1
33285 1
12739 1
3592 2
6324 1
16597 1
3249 3
2473 1
12751 1
2478 2
8751 1
7816 1
2111 2
1513 3
674 17
1917 2
10825 1
552 39
14088 1
3815 1
1250 7
2120 3
799 18
9663 1
2077 3
10343 2
70 1081
4629 1
3561 1
3516 3
2459 2
7546 1
54981 1
3616 1
2871 2
2808 2
1475 2
609 25
1182 4
632 22
2219 4
7306 1
567 25
569 32
22184 1
1638 6
2720 2
28168 1
5066 1
2190 1
1058 14
6656 1
3795 2
24006 1
3460 1
3048 1
2761 2
13034 1
699 13
1199 9
3083 2
629 24
1897 1
1028 7
929 11
11202 1
9683 1
70425 1
8787 1
6967 1
928 8
1630 6
2129 4
2326 4
2176 2
7218 1
2131 2
544 25
305847 1
38749 1
1845 5
63056 1
21964 1
1418 3
825 16
1536 4
1294 7
2609 2
507 27
19685 1
2394 1
1134 5
3421 3
2954 2
2760 1
484 32
7364 1
2277 2
497 30
3526 1
4273 2
2514 2
1267 8
2175 3
524 25
5611 1
62378 1
740 9
641 25
10914 1
2715 4
3100 1
3409 2
4777 1
3904 1
7956 1
2563 2
925 11
4285 1
5070 2
12252 1
22525 1
1979 3
1918 2
3121 2
1398 4
3133 2
2401 4
12674 1
2058 2
12331 1
2927 3
1284 7
2639 2
2283 6
5736 1
16009 1
21233 1
687 15
10147 1
13363 1
3090 1
1896 2
1720 5
4740 2
13816 1
3543 1
4272 1
857 18
1363 9
7794 1
5033 2
12989 1
2716 1
4041 2
1115 4
7118 1
232 125
105206 1
2476 4
7563 1
2464 3
9475 1
22813 2
2267 2
8073 1
2986 1
1186 8
4812 1
4063 3
7265 1
2178 1
2475 3
838 11
3551 2
10096 1
2775 2
1905 2
1919 6
1753 2
2820 2
878 8
2664 3
2866 1
887 8
5063 1
32163 1
1344 5
33774 1
2955 3
457 33
5544 1
1609 4
3171 1
2528 2
3255 1
12758 1
2485 2
415 45
1152 10
7884 1
2797 2
2236 4
1370 4
1428 8
2382 4
4323 1
1205 11
3215 1
2620 2
4383 2
68754 1
7116 1
2029 2
2640 3
3862 2
2159 3
730 14
796 11
1105 8
1673 3
7023 1
2199 8
1127 4
1429 4
1487 4
254 89
1193 5
953 9
35109 1
12441 1
2168 3
18589 2
3328 1
1006 9
1883 1
31723 1
904 7
2003 2
5625 1
439 57
10712 1
538 50
14330 1
4057 1
3314 2
11664 1
1391 6
16751 1
6478 1
2633 2
458 32
4029 3
1265 10
2901 1
879 9
621 30
1585 4
2874 2
4936 1
2043 3
2195 1
1825 3
17548 1
1758 2
6679 1
1592 4
42216 1
1124 6
1791 3
1052 11
3468 1
9884 1
446 36
10719 1
20992 1
3517 1
658 25
7480 1
11322 1
1049 13
17913 1
7640 1
219 144
2173 5
63090 1
52817 1
1452 3
6539 1
3773 3
11959 1
1686 4
1841 2
2674 2
13300 2
3027 2
92880 1
423 37
1120 11
6044 1
957 8
14027 1
3754 1
1803 3
1761 4
2848 1
587 22
2883 3
1461 6
861 12
2832 2
3141 2
1537 5
2266 3
33735 1
2916 2
2946 2
3096 1
770 14
4286 1
1958 2
3450 1
9605 1
560 22
4200 1
4467 2
2109 3
2257 3
34109 1
13563 1
3290 3
2044 3
3132 1
12567 1
2294 3
1746 3
5841 1
754 17
3338 1
2193 3
2340 4
1993 1
3914 2
155872 1
1777 1
3188 1
4527 1
22385 1
1839 4
1169 7
9546 1
5815 2
728 14
2149 5
12422 1
2971 2
3272 1
23818 1
3084 2
2597 2
1258 5
2895 1
1319 7
11547 1
1274 3
1555 5
974 12
2353 2
11811 1
1538 5
1795 10
8249 1
2144 2
7556 1
23015 1
2469 3
1779 6
3779 1
3422 1
402 52
1794 5
1256 5
3062 3
1409 2
4332 1
4638 1
38994 1
3385 2
2980 1
3978 2
816 15
32923 1
2104 3
4964 1
4703 1
33717 1
2898 3
3411 1
1467 6
1687 4
11015 1
742 16
1797 2
9219 1
11321 1
1048 9
1117 5
4619 1
1379 1
2197 1
14978 1
4705 1
3180 2
779 18
2995 1
12798 1
2525 4
1485 4
3061 3
4279 1
9936 1
1218 10
22372 1
42918 1
1826 3
3341 1
875 14
3726 1
3951 1
2750 1
2814 2
7901 1
3073 2
2596 3
9213 1
3932 1
21263 1
717 23
1214 12
1035 12
11619 1
1346 1
7166 1
2079 1
2862 2
7949 1
3325 2
24856 1
13132 1
2859 2
5010 1
8834 1
919 9
2234 2
6211 1
16484 1
4011 4
17909 1
7636 1
2147 3
2507 1
3038 3
14784 1
4511 2
1504 7
2113 2
2825 4
10095 1
11776 1
1503 5
3590 1
2887 1
1264 5
1381 5
1528 4
1789 4
9666 1
9455 1
2755 6
19521 1
13203 1
2930 3
6440 1
1353 4
9736 1
4918 1
3181 1
9147 1
1890 2
12163 1
12687 1
2414 2
17428 1
125768 1
2492 1
1940 4
1456 4
38280 1
2671 2
40359 1
40122 1
3029 1
14463 1
1988 2
25270 1
9026 1
1554 4
1019 17
2132 2
2064 3
2259 3
13810 1
3537 1
4014 2
8443 1
9689 1
3012 1
7672 1
3746 1
11832 1
1559 5
3649 1
15245 1
13894 1
3621 1
3253 1
3569 1
7810 1
2420 2
4033 2
3757 1
7405 1
4276 1
839 9
4087 1
14360 1
8137 2
8626 1
3474 1
3480 2
2143 3
4399 2
80162 1
18524 1
3580 2
3609 1
9037 2
2909 2
2421 2
1864 2
1810 3
14501 1
1855 6
4890 1
4321 3
3545 1
9531 1
1486 3
829 12
4234 1
5875 4
1674 6
3948 1
2442 3
13327 1
3054 1
1920 3
11713 1
1440 4
1580 3
6667 1
215 144
25848 1
5302 1
8854 1
3237 1
4384 1
610 15
2988 1
4759 2
2224 2
22210 1
1664 3
3481 2
3929 2
938 10
3824 1
24370 1
2579 1
4951 1
6559 1
11745 2
1472 4
6829 1
12149 1
1876 3
4015 2
1819 2
1417 4
2110 3
2048 6
982 6
1470 6
3126 1
14825 1
4552 1
4570 1
1904 4
1350 5
1188 8
1705 5
21514 1
968 13
588 29
4090 1
3548 3
19525 1
9252 1
1649 2
1535 3
3230 1
2212 2
3887 1
2165 3
1723 2
22476 1
1930 5
1318 2
6405 2
1579 3
2776 1
865 6
1245 4
2288 1
3581 3
16961 1
6688 1
13092 1
2819 1
2014 1
40503 1
9684 1
985 11
2578 3
12851 1
1820 3
63284 1
1646 5
759 14
4207 1
3445 2
2796 1
22830 1
2284 2
4543 2
2536 3
1462 2
4835 1
3179 1
1719 2
2015 2
8299 1
9440 1
2380 1
2449 4
1610 1
3710 1
4230 1
4671 1
6604 2
8359 1
11095 1
822 13
8594 1
2201 3
3476 1
19050 1
2711 2
2705 2
1800 2
3716 2
1738 2
659 23
1561 5
3626 1
18649 1
8376 1
9148 1
16656 1
2166 3
1196 7
2403 2
4434 1
2922 1
3565 2
11909 1
1636 7
3934 2
2354 2
352 59
2543 1
2748 1
3804 3
3827 3
24373 1
14100 1
19130 1
8857 1
2299 3
39403 1
1299 11
4269 1
3980 1
24526 1
3708 1
