4879 1
16920 1
2217 2
6269 1
7284 1
4540 1
4642 1
2355 1
6019 1
4840 1
5099 1
4091 1
4569 1
6139 1
4655 1
5111 1
3916 1
5446 1
3901 1
5945 1
5073 1
4909 1
8486 1
4264 1
4344 1
3971 1
3712 2
3879 1
2989 1
4816 1
7067 1
10012 1
4985 1
5555 1
7279 1
8030 1
11256 1
2823 2
4068 1
4883 1
3358 1
6663 1
8618 1
4049 1
4234 2
3069 1
9932 1
15182 1
3129 1
4897 1
6030 1
4613 1
10942 1
4814 1
4936 1
13263 1
6498 1
3700 1
5815 1
6103 1
7091 1
5413 1
2743 2
6224 1
8779 1
4988 1
2895 1
4437 1
3177 3
4858 1
9298 1
6222 1
5230 1
4449 2
5392 1
6349 1
11284 1
3719 1
4647 1
4535 1
6531 1
5347 1
6999 1
2949 2
7545 1
8752 1
6205 1
4045 1
2938 3
10210 1
4039 1
5602 1
4269 1
5374 1
5806 1
2830 1
10386 1
2844 1
5738 1
2648 3
12146 1
7319 1
3218 1
4319 1
5420 1
5270 1
3121 1
8111 1
7336 1
8728 1
6051 1
9708 1
4116 1
5056 1
5428 1
7731 1
4952 1
2917 2
3044 3
8855 1
3111 1
10165 1
2772 4
4756 1
3531 1
4635 1
5370 1
4781 1
5896 1
10762 1
13412 1
7446 1
8190 1
5482 1
8580 1
3202 1
3974 2
3590 3
5049 1
4981 1
6174 1
7403 1
7630 1
5614 1
4459 1
4658 1
4174 1
5057 1
7152 1
6264 1
5499 1
3864 1
4841 2
4553 1
8322 1
17697 1
3941 1
3445 1
7303 1
2856 2
6477 1
8211 1
5241 2
8516 1
9155 1
6806 1
5120 2
8420 1
6168 1
16469 1
13341 1
7177 1
6067 1
5981 1
2244 2
6165 1
4793 2
9820 1
9795 1
6445 1
12873 1
10126 1
4397 2
7673 1
7288 1
5118 1
9523 1
4695 1
9512 1
7191 1
8002 1
10454 1
3185 3
6752 1
5574 1
3872 2
4601 1
7093 1
5287 2
5302 1
7276 1
5833 1
6450 1
4968 1
6658 1
17922 1
6012 1
4964 1
3344 1
6260 1
8696 2
3706 2
8352 1
5979 2
2773 2
3964 2
3014 2
7086 1
6478 1
8207 1
9385 1
5325 2
4965 1
9201 1
4369 1
8142 1
16662 1
4147 1
5153 1
3492 2
4021 1
4980 1
4442 1
6368 1
9709 1
4460 1
7679 1
11230 1
12503 1
10335 1
3041 1
7524 1
4326 1
4966 2
3664 1
4610 1
2352 5
12883 1
12112 1
5533 1
3277 1
4843 1
5207 1
8032 2
7580 1
5422 1
4614 1
7725 1
4972 3
13378 1
4200 2
6996 1
5942 1
6940 1
11627 1
5935 1
3973 1
9836 1
4407 2
7264 1
5243 1
3718 1
5278 1
6380 1
11543 1
12233 1
8774 1
3583 1
14363 1
3215 3
7178 1
3345 3
10464 1
6674 1
9041 1
6998 1
8608 1
6004 1
3823 2
9668 1
6889 1
7399 2
7660 1
14534 1
9149 1
4398 1
10396 1
5345 1
4195 1
2156 5
9579 1
9414 1
4886 1
18958 1
6207 1
7687 1
13648 1
11988 1
9884 1
4312 2
4278 1
7378 1
4142 2
5297 1
5132 1
3626 1
7826 1
4300 1
9822 1
16784 1
2988 3
3065 1
4568 2
5096 1
4424 1
5861 1
4657 2
3425 1
14944 1
8641 1
6815 1
7575 1
4750 2
5515 1
7404 1
5316 1
3522 4
7456 1
4348 2
8507 1
9075 1
11194 1
3662 2
2674 2
2588 4
3930 1
4529 1
3956 2
5752 1
6322 1
3195 1
6596 1
4479 1
5664 1
9403 2
3741 1
5237 1
3240 3
5684 1
5654 2
2668 2
15856 1
6823 1
7682 1
3743 2
4870 1
6464 1
5573 1
9095 1
3754 2
9581 1
4501 1
10575 1
14833 1
3853 1
2847 1
5921 1
14891 1
17085 1
4510 2
3808 2
30321 1
14549 1
4180 2
2386 9
6959 3
19874 1
9601 2
116933 1
14357 1
8411 1
18684 1
18092 1
7819 1
35539 1
14993 1
54020 1
2655 5
8681 2
8968 1
80879 1
12415 1
2142 16
9842 1
3794 2
14067 1
70856 1
14423 1
4150 3
2953 5
3243 4
3133 5
13406 2
2012 12
12285 1
34987 1
4168 3
34792 1
95570 1
3113 3
2564 5
9306 2
1327 31
5034 1
76945 1
15237 2
14108 1
3835 4
3619 4
1324 12
11597 1
1535 20
11808 1
2881 3
2191 5
3990 1
1972 11
2080 6
2239 9
3082 2
3837 4
11754 1
1481 21
1580 12
11853 1
2087 7
1958 8
12231 1
3476 5
4606 1
35425 1
1632 12
1611 18
7964 2
972 43
4689 2
14962 1
4482 1
25235 1
9296 1
8675 1
34503 1
3684 2
2000 4
1964 11
8856 3
40615 1
2248 9
12521 1
2583 3
19198 1
3937 4
30311 1
20038 1
9765 1
4490 5
4866 3
3279 5
13552 1
15196 1
4923 1
4742 3
8754 1
3386 5
39525 1
18979 1
8706 1
14084 1
3811 3
2453 9
4274 1
20177 1
4737 2
3821 6
34640 1
7878 1
28631 1
8085 1
29201 1
18928 1
3401 1
8488 1
3978 1
7958 1
3632 4
7307 2
2387 4
4861 1
15134 1
53742 1
2377 3
1792 4
12842 1
9187 1
157360 1
20057 1
91156 1
8972 2
8094 3
38913 1
34889 1
176624 1
32802 1
12256 1
1983 7
2770 5
13043 1
12944 1
2671 4
4099 5
8128 1
18401 1
59062 1
17970 1
9934 3
12105 2
1832 16
3383 5
33556 1
2737 3
55826 1
4461 1
7884 2
18157 1
17722 2
8317 3
1249 22
33349 1
23283 1
2530 4
2629 4
95086 1
3953 4
108963 1
6233 1
7906 2
774 61
19660 1
27168 1
1733 9
8751 1
2959 4
13232 2
9538 1
122541 1
4472 3
18223 1
8775 1
14506 1
14688 1
4415 3
19052 1
34313 1
3494 2
19164 1
12693 1
2420 4
39070 1
8251 2
121477 1
3250 2
5037 2
8152 1
28996 1
8450 1
8186 1
2528 4
2889 3
13162 1
14517 1
4244 4
3263 4
13536 1
80759 1
8848 1
4868 1
7713 1
2584 7
1838 15
12111 1
8009 1
1982 11
26867 1
1432 18
4946 2
3198 5
1867 9
1737 9
34914 1
14368 1
4095 1
2738 6
1597 13
11870 1
4469 4
6866 3
1779 16
3212 3
2042 3
1815 6
1581 18
4989 2
2305 8
1858 10
1953 8
2349 3
12622 1
2459 5
3702 5
13975 2
4544 4
2024 10
9993 1
4196 4
1292 21
3080 5
2828 6
13101 1
3322 6
3965 3
14238 1
7642 1
17915 1
7941 2
1681 15
9607 1
2223 14
1445 18
1541 17
2936 4
1877 10
4643 1
4514 1
14787 1
3385 7
2467 5
4380 1
87392 1
36027 1
5208 1
913 35
2402 10
2297 9
1835 7
76872 1
1729 12
12002 1
1889 12
4277 3
14550 2
4236 3
4697 2
3260 4
1471 13
32732 1
1913 14
59711 1
18619 1
8346 1
35268 1
8173 2
2505 5
13636 1
3363 5
3541 2
2763 2
4205 2
20061 1
8349 1
1678 15
4022 4
14295 1
2882 7
13265 1
2992 6
1710 8
40024 1
48150 1
58587 1
4586 6
6468 1
3623 4
13896 1
2286 6
9103 1
2524 8
4502 3
2261 8
60900 1
49674 1
8582 1
3148 6
13421 1
24274 1
3521 3
13794 1
29642 1
50188 1
14660 1
4387 2
4318 2
2332 12
12766 1
2493 10
8110 4
4088 5
3881 2
24634 1
3205 7
12189 1
7472 1
6346 2
3909 2
19639 2
9366 1
4789 1
3106 3
54471 1
14241 1
3761 4
24514 1
3968 2
8008 1
67862 1
2728 4
33547 1
8196 1
19537 1
9264 1
9807 1
48965 1
7873 1
8055 1
110700 1
6720 3
59446 1
29295 1
3464 8
1382 27
36991 1
6172 2
59370 1
14431 2
4158 2
4808 2
8802 2
8463 1
60208 1
6900 3
10130 2
6281 3
1194 21
9974 1
20247 2
95566 1
3109 4
18748 1
8475 1
2203 9
3863 2
60089 1
13627 1
3354 5
4405 4
14678 1
9400 1
3346 4
40337 1
19791 1
9518 1
24878 1
4332 5
7756 2
7911 2
1634 11
2507 9
40086 1
19738 1
7627 2
74868 1
2957 1
13824 1
3551 4
4216 3
14489 1
29190 1
14848 1
3980 2
14253 1
4575 1
25328 2
25535 2
4782 2
58856 1
2522 5
2460 10
1452 12
11725 1
7646 1
27994 1
7448 1
4959 4
17194 1
6921 1
5007 3
5051 2
7327 2
2747 7
30200 1
2362 7
12635 1
3484 1
7450 2
38476 1
17723 1
2081 7
17342 1
7069 2
8096 1
8320 2
28866 1
3233 3
2311 6
4036 3
1348 21
7600 1
28146 1
17873 1
1903 14
3734 3
2691 6
3078 3
13450 1
1566 10
1923 6
16788 1
6515 1
1622 12
4210 5
4133 3
13836 1
3450 4
34062 1
54815 1
34269 1
4110 2
14383 1
2172 7
3063 6
13769 1
3496 4
1376 13
11649 1
3330 2
8740 1
72715 1
804 57
1497 20
3846 3
55211 1
18079 2
7806 1
2860 4
9346 1
4061 1
9250 2
15075 1
20162 1
4075 3
3440 4
2211 5
20334 1
49960 1
9625 1
4538 2
3983 2
14256 1
4857 1
15130 1
3003 5
4565 2
2393 9
2383 9
7385 1
14302 1
4029 2
4128 3
4570 2
14843 1
3643 3
12116 1
28525 1
24519 1
3766 2
3807 5
2788 3
3214 4
33736 1
2158 7
8199 1
18472 1
9732 1
1918 12
12092 1
1819 11
1664 19
1862 5
55209 1
3844 2
2186 8
144622 1
800 46
12275 1
2101 5
12374 4
4626 1
54010 1
2645 5
3140 4
75672 1
13413 1
1261 22
11534 1
4693 3
14966 1
4084 3
24837 1
4291 3
2977 5
1946 12
1697 9
11970 1
4825 2
2409 7
3208 5
3118 6
60805 1
4848 3
3331 2
13604 1
2855 9
3668 2
4641 3
14914 1
3283 4
2697 4
12970 1
2707 6
4184 2
14457 1
1137 33
1335 18
11530 1
1257 30
160037 1
2340 10
1965 12
12238 1
2815 5
2813 6
1507 19
4636 2
14909 1
2941 8
2375 9
2523 4
12796 1
4478 3
1220 28
11493 1
3809 1
1109 22
1023 38
1349 19
2169 6
3880 5
14153 1
2601 5
11997 1
1724 11
6910 2
17183 1
1823 8
12096 1
1313 16
1511 17
37137 1
6318 1
1528 10
11801 1
2766 4
2396 10
2617 8
12890 1
4265 2
8573 3
3486 4
4270 1
14543 1
2654 7
2586 8
12445 1
53951 1
2535 8
12808 1
2816 5
1310 16
2266 10
12539 1
4254 2
13174 1
2901 3
3483 2
4143 2
2350 7
79080 1
2775 10
2771 2
3989 2
4032 5
3268 3
1775 10
3165 10
2841 5
4211 4
2092 5
12365 1
7062 1
5072 1
1472 16
9448 2
19721 1
3387 5
1601 13
2715 5
54080 1
3527 5
899 41
11172 3
7079 2
1992 9
1777 10
3746 4
1221 20
2538 11
1754 19
12027 1
4662 2
4009 2
1482 23
2455 7
12743 1
2470 11
4619 3
1101 35
11374 1
1971 12
1346 19
1099 29
11372 1
1560 12
2344 6
3004 5
13277 2
2268 6
3298 4
13571 1
6444 2
2243 10
10129 1
14721 1
19143 1
8870 1
2068 8
1540 15
11813 1
1610 20
2805 3
3238 4
1034 24
3414 4
13687 1
4241 1
4014 2
2965 4
3117 5
2250 20
1658 13
3060 6
4961 3
67220 1
5582 1
1089 24
11362 1
2029 7
1271 24
9666 1
4579 2
14852 1
49421 1
3638 5
2510 6
16332 2
6059 1
1071 31
2075 10
3459 3
4645 2
7568 2
2481 7
1487 15
37348 1
6529 1
1739 13
2237 8
815 48
964 36
11237 1
1870 11
12143 2
2204 5
2088 7
8708 1
86633 1
3621 4
2494 7
1793 11
3993 4
14266 1
2695 4
1687 15
8006 1
18576 1
2149 13
2466 6
16881 1
1719 10
11992 1
1212 23
2987 3
13260 1
2014 6
3598 8
1906 11
2664 7
2090 10
3803 6
3701 1
4680 4
1703 14
1885 10
8084 3
2997 5
17396 2
2135 9
1107 28
4065 3
2553 5
12826 2
11306 1
1231 27
32050 1
409 200
62965 1
706 65
10979 1
2139 8
2973 2
7224 1
2137 5
6980 3
2091 8
32910 1
12364 1
1796 9
12069 1
4038 2
8657 2
18930 1
24526 1
3773 4
1124 31
3788 5
870 45
1266 20
2487 9
3687 1
2464 7
1493 17
11766 1
3620 2
1856 10
1789 14
27992 1
1167 30
1765 14
1978 13
838 55
2979 7
32758 1
1939 12
2236 6
12509 2
9569 1
1636 12
2490 8
1684 16
7394 1
2307 9
1246 22
2115 8
4851 3
1035 38
1224 14
3261 5
1468 15
3568 4
23203 1
2450 6
5567 1
15840 1
480 152
10753 1
1015 39
1693 13
20106 1
81744 1
2500 6
3217 6
13490 1
2185 13
4468 2
2975 2
2294 10
12567 1
2400 9
1635 18
11908 1
1669 14
8613 2
3526 4
13799 1
3043 3
11688 1
22168 1
1415 21
1514 19
11065 1
2065 7
12338 1
1428 25
32454 1
11701 3
630 88
10903 2
1656 10
1400 17
991 38
693 77
1473 19
1705 11
1909 19
1854 10
3163 6
13436 1
3076 3
13349 2
2039 16
4738 3
7689 1
4329 2
3644 4
1129 21
8012 1
2925 3
2433 8
12706 1
1881 10
11473 1
1200 23
1299 24
11572 1
2998 4
13271 2
8703 1
3616 5
1536 17
1434 26
4409 1
1831 7
2413 9
2596 9
2800 4
1977 9
3875 4
667 82
10940 3
3026 2
847 43
11120 1
23909 1
3156 5
4777 3
14951 2
4678 2
85120 1
2108 8
2013 8
10911 1
737 54
11010 1
2213 11
1208 19
11481 1
920 36
4393 5
2661 6
2123 12
1916 7
22669 1
7210 1
2388 8
3027 4
2426 4
12699 1
3948 2
1774 14
3986 1
1624 11
2713 8
14839 1
4566 2
4359 1
25112 1
4665 5
1121 27
2565 5
17731 1
7458 1
48550 1
1059 25
6146 2
1920 10
1201 24
2009 11
911 38
813 45
11086 1
5008 3
17693 1
7420 2
2432 5
2849 7
2642 3
23395 1
1074 26
3703 4
1726 10
1891 9
840 49
2022 9
2599 5
12872 2
1692 12
32511 1
1367 18
11640 1
1377 23
1444 14
73355 1
1449 16
32475 1
11722 1
60055 1
8690 1
4098 1
747 50
4237 3
55602 1
4333 1
1485 10
72885 1
974 39
11247 1
1667 14
3241 6
8328 2
18601 1
2072 14
12345 1
3658 3
2094 5
6335 1
16608 1
1248 14
2056 6
7143 2
1186 29
2312 8
6650 2
1563 13
40592 1
4983 4
9458 1
1940 7
27375 1
17102 1
1727 9
1520 15
22273 1
1586 23
1125 33
1283 23
1778 9
3040 10
2503 4
778 48
2632 5
3278 7
2018 10
1450 18
11723 1
2038 9
11029 1
756 68
954 52
11227 1
1598 17
786 46
3252 3
9443 2
1502 25
2414 6
1872 8
2070 11
2010 7
2372 8
1492 27
2928 5
2270 4
2374 5
11630 2
1357 14
1456 26
31523 1
704 68
10977 1
1001 39
3285 4
13558 1
12399 1
64385 1
2126 6
2225 9
730 53
6403 3
36925 1
11589 1
3840 4
1556 20
6643 2
1531 18
11804 1
53942 1
2870 4
10001 1
15187 1
2107 5
3767 4
2015 9
2308 8
5581 1
67840 1
6202 1
1709 11
119736 1
6733 1
2735 9
1403 18
2755 5
3144 4
8231 1
18504 1
4417 4
15797 2
536 116
2927 9
1741 15
1381 23
2048 17
2690 7
12335 1
2062 7
2161 9
2730 7
2232 10
1614 9
2665 3
2863 5
110741 1
8011 1
3914 3
6735 1
1846 12
1419 21
80789 1
4484 3
14757 1
40613 1
5004 3
15277 1
1501 21
956 39
1290 21
2799 8
66086 1
3827 3
1890 18
3852 3
3539 2
969 46
11242 1
983 44
901 40
11174 1
3647 3
1932 8
1836 14
75731 1
3820 3
4513 3
1544 15
130624 1
7348 1
3449 2
71957 1
46 10629
10319 1
5826 1
15505 1
739 53
11012 1
4034 4
13187 1
2914 6
3013 5
6715 2
1628 13
11901 1
6804 2
3158 4
1904 10
12177 1
1448 26
1156 35
11429 1
2472 9
12745 1
6812 1
27565 1
7019 1
2130 9
12403 1
11103 1
830 60
929 39
52294 1
11202 1
1742 17
4815 2
1740 13
935 46
1751 11
4656 2
52740 1
2279 6
2886 8
1427 17
11700 1
852 53
3778 2
14051 1
3493 7
3558 11
2918 5
13191 1
2791 2
54570 1
13064 1
1364 23
11637 1
5016 2
896 52
52261 1
2638 10
33457 1
2041 9
3525 3
2302 18
12575 1
7389 1
4623 2
14896 1
11418 1
2284 11
2585 5
1570 18
1488 15
11761 1
1494 28
12493 2
2220 7
2318 16
3016 4
13289 1
28708 1
8162 1
3273 2
13546 1
1265 31
2120 8
12393 1
763 59
2162 12
4347 3
3951 2
3813 5
4754 2
3869 6
34688 1
19256 1
2341 6
3428 3
13701 1
1359 18
1041 31
36650 1
5831 2
7088 4
17361 1
2001 15
3714 2
13987 1
22287 1
1534 7
2499 6
1056 30
11329 1
596 99
3287 3
909 48
11182 1
981 41
11254 1
670 92
1079 22
8319 1
3232 5
34051 1
13505 1
2534 9
1254 19
11527 1
639 94
936 36
8642 1
1750 12
3400 5
4481 2
14754 2
2930 5
2483 8
12756 1
7801 1
2714 7
3092 2
94658 1
2201 17
678 73
718 77
1430 22
6336 1
1344 18
94629 1
11617 2
589 105
2389 5
20300 1
5039 3
1808 11
6895 2
825 50
32075 1
1256 27
11529 1
1553 16
2570 8
2940 3
1464 18
42995 1
1489 17
3581 6
2964 3
3517 5
2835 6
1418 13
33290 1
2471 7
7855 1
2181 5
12454 1
33000 1
6681 2
1594 17
11867 1
1351 16
1773 15
3422 5
13402 1
6483 3
1396 16
3579 3
6669 2
1582 6
11855 1
1375 22
22128 1
5074 1
17032 1
6759 2
1771 18
11566 1
98050 1
1397 17
3518 8
3369 4
5720 1
633 89
10906 2
3032 3
13305 1
1875 8
12148 1
32694 1
56845 1
5480 1
888 45
4628 2
1475 20
11748 1
683 72
175324 1
31502 1
10956 1
2435 6
12708 2
4295 1
2862 5
4810 6
4462 3
24460 1
3707 7
13980 2
4311 4
1010 35
5473 1
584 106
3295 4
13568 1
1372 22
738 62
11011 1
955 39
2281 7
3328 7
11406 1
1331 28
6418 1
3692 4
3648 3
2262 6
2385 5
4648 3
35467 1
5808 2
721 63
4340 5
45043 1
3537 4
13810 1
8909 1
2188 8
1981 18
22734 1
2850 5
17607 1
38153 1
7334 1
617 87
7335 1
13780 1
3507 3
3606 4
1337 16
3226 3
4137 2
1088 33
11361 3
11579 3
7119 1
2032 18
7339 2
915 52
11188 1
7132 1
17405 1
2631 5
2726 8
12999 2
4187 2
1811 10
12084 1
6742 1
2338 7
1309 25
479 136
938 46
4549 3
8923 3
9355 1
691 82
10964 1
41370 1
278 414
674 81
10947 1
1053 25
11326 1
6524 2
1437 20
1561 14
1045 41
745 81
5002 2
1538 11
1339 26
904 44
11177 1
2649 6
1525 12
2131 10
12404 1
2168 7
3929 3
2231 7
724 69
781 47
1177 20
1047 26
2567 11
12840 2
1837 13
2920 11
18325 1
2325 5
1661 14
11934 2
3019 3
1207 23
11480 2
3209 6
12715 1
2442 4
6831 3
1744 10
12017 2
2636 6
1484 15
2785 4
13058 1
3469 8
3051 6
4436 4
4794 1
767 62
11040 1
2174 8
9845 1
4758 2
682 92
10955 1
3485 5
1960 7
2057 17
3125 5
4649 2
35171 1
4551 8
14824 2
4356 3
25109 2
4563 3
13204 1
2931 8
21683 1
930 36
6017 1
34014 1
13468 1
111151 1
19585 2
39395 1
3786 2
100439 1
2720 7
33539 1
12993 1
29019 1
3584 2
1706 13
16967 1
6694 2
8417 3
18690 1
3288 4
834 65
21416 1
663 83
10936 1
10837 1
564 106
4821 1
3553 1
13826 1
6974 3
1887 8
32706 1
17980 1
2719 5
2717 6
14205 2
3932 2
6829 1
27582 1
7036 1
892 48
3810 5
14551 1
21921 2
1168 23
1378 30
1171 27
21924 1
11651 1
624 85
539 125
2905 6
1233 20
4391 4
3294 8
1868 11
6955 2
17228 1
6611 2
1722 14
11995 2
7352 2
2265 4
1076 37
3286 4
18547 1
8274 1
7543 3
2456 8
1044 26
957 41
6044 2
1361 15
4992 1
2981 5
4117 5
3225 5
13498 1
1235 15
4097 8
4958 4
1970 12
26304 1
869 44
11142 1
3950 5
2475 10
1975 8
22728 1
2182 13
2744 3
2097 11
4243 2
9330 1
1591 19
22344 1
1798 15
34876 2
4057 5
5066 1
7166 2
2079 10
39060 1
8241 3
4013 8
55378 1
23787 1
3034 6
17567 1
7294 2
824 53
10998 3
725 71
6691 1
1604 27
118900 1
5897 1
2984 3
65243 1
3605 4
1853 8
638 79
62897 1
1259 24
1844 8
1646 10
4148 1
8680 1
18953 1
4530 3
213394 1
7078 1
1991 10
3780 3
14053 1
4830 2
2060 7
105825 1
3095 5
4141 3
14414 2
3349 4
2795 3
2399 7
50595 1
13945 1
34491 1
2616 8
1120 39
6585 4
795 57
11068 2
3333 6
1659 13
11932 1
4773 2
15046 1
1051 28
3935 3
3728 4
24481 1
2858 11
368 249
1304 15
11577 1
1784 16
12057 1
2615 7
2194 7
9642 1
35598 1
15052 1
4779 1
612 90
3998 3
1162 25
3871 7
8958 2
4938 1
15211 1
513 132
5600 2
15873 2
3575 5
6185 2
1098 33
11371 1
3216 4
13489 1
3967 7
137516 1
1325 16
52690 1
32144 1
11598 1
895 59
688 67
21441 1
1987 11
9189 1
14276 1
50235 1
9143 1
4491 1
1901 15
6988 2
1908 7
6995 1
2366 18
7453 2
36789 1
5970 2
11354 1
1081 40
42686 1
1180 28
11453 2
6063 2
16336 1
976 46
8577 1
3490 5
3094 3
13367 1
3085 3
23838 1
3292 4
8001 2
40156 1
9634 1
82166 1
19907 1
4547 5
1666 17
11840 1
1567 16
12935 1
2662 5
2206 6
4630 3
1869 8
6263 1
1043 30
1969 12
430 191
3733 4
14006 1
8820 1
11528 1
1255 15
1354 19
1980 10
33887 1
3068 3
7050 1
1963 8
9114 2
3646 2
4834 3
15107 1
30269 1
9723 1
1275 15
26610 1
977 38
36586 1
5767 2
3072 2
4485 3
4839 4
7258 1
1063 37
10081 2
6406 1
32435 1
1616 18
1715 15
74235 1
2324 5
14520 1
4247 4
27564 1
2129 9
1369 18
6456 1
16729 1
7060 3
17333 1
3274 3
13448 2
3175 2
5041 1
10128 1
15122 1
4849 3
2919 7
13192 2
9703 1
284401 1
7030 1
37598 1
1554 18
11827 1
3783 2
14056 1
29554 1
9008 1
4119 4
14392 1
2275 8
8733 4
14631 1
3566 3
13839 1
1743 9
53108 1
4185 4
1198 30
11471 1
6909 1
1822 13
15266 2
2611 6
1463 11
11736 1
2406 11
1809 13
1300 23
11573 2
2218 4
3838 4
1919 8
32738 1
8429 2
3259 5
13532 1
6990 1
1236 23
2100 10
2501 7
3721 3
602 87
1050 28
11323 1
14841 1
655 81
31474 1
2151 12
1269 23
2122 10
2518 7
2415 7
5622 1
72446 1
10808 1
2112 9
3224 2
13497 2
3017 7
23770 1
10131 1
4639 3
25392 1
2465 3
1638 18
1803 12
12076 1
3897 3
4127 3
1587 8
1172 24
1547 17
1133 35
42639 1
1416 16
11689 1
4153 3
2023 7
12296 1
3636 2
4222 2
10724 2
451 174
550 101
6660 1
11846 1
4002 2
14275 1
3886 3
12982 1
2709 5
2808 6
2558 7
2724 7
2904 5
13177 1
2224 8
4710 1
5028 3
1680 18
11746 1
32499 1
1723 11
355 245
3976 5
3698 6
1136 28
4349 1
7121 1
2034 7
941 38
11115 1
842 45
665 85
10938 1
12604 3
2331 6
1333 16
1332 29
2820 8
1075 37
2673 10
1100 36
11373 1
2395 9
3848 4
1399 17
11672 1
1329 26
6416 2
1782 11
3018 6
3266 3
4731 3
2004 10
9906 2
2734 5
2144 8
11101 2
828 65
927 49
841 36
1647 22
864 31
11137 1
31683 1
5951 1
6287 5
1758 11
32784 1
12031 1
2303 7
7390 4
448 176
2061 13
12334 1
7148 1
5923 2
16196 1
836 53
3856 3
2853 6
6848 1
11935 1
1662 10
1455 22
22208 1
5064 3
1411 11
43115 1
1609 13
11882 1
3431 4
54796 1
4422 3
96879 1
788 56
5875 2
2783 6
963 27
2846 6
7933 2
18206 1
318240 1
10050 1
2878 7
13151 1
1552 14
8081 1
194858 1
11586 2
73845 1
1934 9
2627 8
35087 1
4428 2
14701 1
13218 1
8554 2
940 45
6027 1
14438 1
4165 3
9718 2
2283 8
7370 2
7094 1
2007 11
2733 6
4108 4
19857 1
9584 1
4596 3
7285 1
12976 1
2703 4
3857 6
14130 1
1352 15
1145 29
21898 1
1154 39
11427 1
72609 1
22144 1
1391 16
11664 1
16652 1
6379 2
1736 12
12009 1
103476 1
63005 1
746 52
729 65
9925 2
2114 5
37723 1
17177 1
3727 3
14000 1
19081 2
90992 1
1788 20
11962 1
53054 1
1689 9
3255 5
4769 4
15042 1
3289 6
8866 1
60231 1
3779 3
3660 3
1209 26
754 56
6982 1
78893 1
17156 1
6883 1
21700 1
947 41
6034 3
16307 1
4284 4
17753 1
7480 1
3371 2
3164 3
23917 1
8458 1
18731 1
20186 1
783 52
2832 4
805 67
1090 31
2990 8
3757 7
3972 2
19233 1
6400 1
16574 2
6301 1
597 83
5387 3
1644 18
159341 1
5246 1
1179 28
6266 1
1572 13
6659 3
6360 3
1273 22
32200 1
11447 1
1174 30
1110 33
2098 6
1476 17
11749 1
3622 4
3415 2
24168 1
1087 35
3025 4
3325 7
2429 10
1270 24
3488 7
3819 5
1495 24
11768 1
13483 1
3210 5
79614 1
3309 6
808 61
1215 30
6971 1
1884 11
2946 4
3087 7
2804 3
829 57
11102 1
1892 15
422 191
10695 1
7762 1
18035 1
2675 6
1613 18
11886 1
2276 10
2548 6
2620 3
343 269
10616 1
2969 4
31592 1
773 58
1070 36
1420 15
19137 1
3725 5
15639 1
5366 3
378 224
2778 5
33705 1
12952 2
2679 7
11737 1
73996 1
2085 11
1086 34
11359 1
1330 22
1584 17
990 42
1380 28
11653 1
2892 11
23645 1
3099 5
18558 1
28831 1
8285 1
3297 6
2911 4
13184 1
2659 3
18952 1
8778 1
39597 1
3120 3
632 73
2608 8
8656 2
6339 3
21859 1
1106 37
3845 3
1384 12
11450 1
32203 1
6098 1
1011 40
1258 25
11531 1
1994 11
6570 1
16843 1
1483 19
2607 7
12880 1
1618 11
11891 1
4854 1
15127 1
1770 18
12043 1
3749 5
1308 22
11581 1
5714 1
627 84
43214 1
1708 13
294 348
2054 11
5886 3
799 56
11072 1
3508 2
13781 1
8595 1
18868 1
1244 25
1037 23
21790 1
3896 4
14169 1
10990 1
717 63
5903 2
21569 1
816 58
11089 2
7204 2
38023 1
2117 6
7490 2
2403 7
7205 1
2118 11
943 50
822 55
1139 25
17347 1
27620 1
7074 2
12359 2
8781 2
3694 2
4138 4
2550 4
7637 1
3642 1
34461 1
860 60
1707 9
11980 1
2477 7
12750 1
6885 1
1685 13
1637 14
2322 5
2635 7
1543 17
3739 4
1959 10
16391 1
1130 28
2138 9
1392 16
21811 1
1058 24
11331 1
601 106
10874 1
1860 13
3042 4
13315 2
523 122
31549 1
10796 1
3831 3
199018 1
14104 1
1012 35
1077 36
11350 2
2334 6
510 135
2002 20
22755 1
2209 8
2407 12
2295 9
12568 1
1558 13
32377 1
1072 30
855 36
106663 1
2898 5
6135 1
1048 43
1243 26
3737 4
8824 3
1250 25
2508 5
2706 3
14058 1
1772 7
1797 14
12070 1
4368 1
1830 14
32649 1
2046 9
12319 1
12220 1
1947 9
17307 2
48540 1
7034 1
1850 13
1949 12
2364 7
2578 4
1951 12
5862 1
16135 1
775 61
11048 1
208310 1
780 55
11053 1
5867 1
720 82
10993 1
8075 1
2222 11
12495 1
1734 15
7347 1
58712 1
2260 9
8224 1
91236 1
2516 9
1998 14
2196 10
1961 14
332 274
2278 11
880 55
776 71
2277 9
33096 1
2157 9
5447 2
3902 4
8989 1
1460 14
11733 1
4668 7
14941 1
34474 1
3655 2
3448 3
24201 1
8946 1
1593 20
11866 1
8016 1
2929 6
9592 2
4505 1
7987 1
2900 5
475 148
43045 1
1539 17
1078 36
11351 2
2836 6
547 118
7935 3
2848 4
13121 1
3789 3
14062 1
8876 1
29422 1
989 38
7070 2
1230 16
734 75
1642 16
11915 1
1755 22
8217 1
3130 11
13403 1
8053 2
2966 6
54444 1
3079 3
3574 3
18835 1
4130 2
14403 1
27986 1
7440 1
2551 6
3830 5
9746 1
4659 6
13566 1
3293 3
3392 4
39001 1
3607 3
13880 1
70863 1
9225 1
4732 1
563 118
651 75
5641 2
554 116
10827 1
2469 4
6963 2
48055 1
1876 15
2950 2
2421 8
12694 1
31422 1
603 92
900 41
31926 1
11173 1
5987 1
16260 2
5974 3
887 50
7212 2
17485 1
2125 14
1052 30
13185 1
2912 4
3011 3
8098 1
7026 2
1213 21
11486 1
970 31
4867 2
15140 1
56232 1
309 342
10582 1
8664 1
29417 1
204058 1
3982 1
14255 1
1423 20
22021 1
1268 22
1350 12
11623 1
110202 1
27190 1
6437 1
3067 10
2259 7
113909 1
906 40
1995 7
12268 1
32814 1
1014 35
11287 1
1442 21
8629 2
3542 3
13815 2
7930 1
2843 4
21142 1
389 210
10662 1
2035 8
12308 1
591 88
4071 5
1714 8
11987 1
4106 3
9193 1
1717 9
22470 2
1924 12
12197 1
1559 15
6646 3
3799 4
171289 1
67524 1
5265 2
178 875
14703 1
4430 4
5648 2
15921 1
561 123
62199 1
2214 8
9285 1
2351 7
9759 1
331 282
39390 1
3781 3
1424 16
5388 4
301 308
10574 1
2285 4
69631 1
7372 2
567 127
360 236
21113 1
5467 2
380 216
1956 10
12229 1
7830 1
334 261
31153 1
15793 1
5520 1
532 119
792 64
21545 1
114002 1
1491 19
16752 1
27025 1
26926 1
136 1437
20682 1
11767 1
32520 1
1701 4
9793 2
365 268
2722 5
12995 1
6141 2
16414 1
21807 1
1054 29
11327 1
369 226
10642 2
4113 3
20201 1
353 275
357 266
9785 1
3114 4
7828 2
263 454
416 184
1083 29
4805 3
5488 1
401 198
10674 1
5192 4
105 2312
1749 11
611 88
1527 18
2184 4
423 201
5103 3
15376 1
16 83603
7460 1
2373 7
33192 1
84 3395
10357 2
47191 1
16372 1
6099 2
1408 15
3765 4
14038 1
757 59
5844 1
2105 6
7192 1
377 242
383 202
2740 8
3676 5
13949 1
1069 26
794 68
11067 1
497 145
124 1696
72035 1
5211 1
6693 1
1606 18
11879 1
9050 2
3963 5
15354 1
5081 2
93 2861
2942 3
2150 5
28377 1
11063 1
5984 2
897 36
11170 1
3254 6
3047 5
23800 1
169 961
2526 8
81651 1
259 448
10532 1
91452 1
4973 1
44186 1
2680 8
323 287
10596 1
14465 1
4192 2
462 149
8992 3
1921 8
15381 1
5108 3
120 1901
186 800
10459 1
2543 5
11463 2
1190 25
1289 15
6376 2
843 38
31373 1
10620 2
347 267
446 200
2803 4
95260 1
12869 1
33622 1
8839 1
1768 12
3267 2
910 44
5842 2
755 54
5813 3
16086 1
400 231
193 754
20946 1
3021 6
2814 5
23567 1
10092 1
664 59
6262 1
1175 33
4297 3
1159 33
31978 1
11432 1
6246 1
694 64
10967 1
23505 1
2752 6
41091 1
82183 1
395 227
1504 26
3104 7
3323 3
8410 1
49502 1
3696 2
4175 4
817 59
11090 3
3174 3
4651 1
10580 1
307 328
406 191
982 44
1897 10
6984 1
19888 1
4627 6
14900 1
3796 3
1345 26
73256 1
11618 1
6381 2
1294 23
11567 1
3651 5
185 842
4899 2
52 8505
939 51
10639 1
366 261
465 167
9893 1
86 3370
2443 8
108 2207
2256 10
322 304
14464 2
4191 5
3970 2
1240 28
1033 37
21786 1
6327 1
6839 1
17112 1
27385 1
1752 11
1545 19
22298 1
5281 2
194 750
14336 1
4063 5
10470 1
296 359
1155 26
6242 1
6035 1
26788 1
9345 1
91529 1
19618 1
239 546
1451 18
10227 1
20500 1
5140 2
71271 1
9633 1
10326 1
7101 1
7497 2
2410 5
1620 9
6707 3
5879 2
88891 1
1993 9
921 55
620 87
31439 2
1879 13
12053 1
1780 11
1573 19
22326 1
2625 10
71486 1
15529 1
5256 2
21021 1
268 454
2967 11
13240 1
610 100
10883 2
7681 1
793 59
11066 1
24741 1
3988 4
1631 16
1630 16
11903 1
2609 5
15919 1
5646 2
31180 1
361 225
658 84
5403 3
316 308
2727 7
13000 1
370 246
40159 1
9340 1
4550 3
2193 6
12466 1
1371 23
2474 9
1682 10
3397 6
31562 1
743 69
70 4711
17589 1
2427 8
3695 6
4784 2
3351 3
1931 9
3220 5
863 55
11136 1
19940 1
1084 27
11357 1
265 415
11698 1
1425 19
11797 1
22418 2
1665 12
11938 1
2438 8
7525 1
454 149
159 1124
10432 1
1565 19
3922 5
3715 1
24468 1
25135 1
4589 2
14862 1
607 109
10880 1
1222 23
5682 1
15955 1
41291 1
199 696
31018 1
30635 1
10089 1
113 2041
3898 3
8985 1
17175 1
37721 1
1914 7
1469 15
85 3328
10358 2
9886 1
4799 4
3996 4
9083 1
30862 2
43 12143
10316 1
21093 1
340 290
10613 1
20402 1
41155 1
63 5867
10336 1
459 163
5546 1
30981 1
162 1074
10435 1
5054 3
722 71
1654 11
11927 1
11828 1
1555 11
7114 2
38986 1
18892 1
8619 1
8412 1
29165 1
8718 1
3631 2
2939 9
582 113
10855 1
115 1962
228 574
495 131
10768 1
76 4073
555 109
4052 1
20501 1
153 1141
10426 3
3186 4
13459 1
968 49
761 51
21514 1
31994 1
11241 2
16259 1
5986 1
6085 1
36904 1
998 38
2829 3
38163 1
7641 1
2554 7
9198 1
19471 1
1435 21
11708 2
2646 4
7733 1
662 95
3645 5
6375 1
1288 17
10810 1
537 153
5525 2
636 88
32769 1
1950 11
12421 1
2148 6
889 54
12936 1
23416 1
2663 3
1151 37
2083 7
7170 2
17236 2
37989 1
5186 2
516 136
3671 4
27154 1
6401 1
1314 26
11587 1
1453 27
455 163
5542 2
1238 30
129 1560
2486 8
273 404
690 99
483 135
21236 1
367 240
545 132
10818 1
2902 9
13175 1
512 146
10785 1
28796 1
18523 2
898 41
11171 1
44556 1
3050 4
230 509
118879 1
789 59
797 58
11070 1
10606 1
333 272
31152 1
21185 1
432 162
31458 1
10705 1
7171 1
2084 11
14615 2
4441 1
5931 6
21597 1
844 45
287 344
1061 32
3045 9
8132 2
12033 1
1760 13
1859 12
750 69
875 52
21 49648
2378 7
2171 8
22924 1
878 57
7299 3
27845 1
2212 6
570 120
1108 37
5146 2
3893 5
1675 11
1239 24
42745 1
22406 1
1653 11
2049 11
1303 16
11477 1
21957 1
1204 21
764 69
11037 1
69117 1
7479 1
146 1246
3473 5
36725 1
5906 2
1116 23
6645 2
68904 1
15812 1
551 117
10824 2
10468 1
10723 1
450 157
21302 1
549 106
284 379
143 1380
10416 1
160 1089
20706 1
1612 19
73523 1
5590 2
503 119
9931 1
5504 3
21170 1
417 159
7861 1
2774 8
64 5719
10337 1
145 1338
437 170
10611 1
338 255
6270 1
865 48
107 2201
246 471
2603 8
4214 5
14388 1
4115 3
538 111
10811 1
1925 12
242 483
1589 15
32408 1
733 52
14225 1
3952 2
9138 1
2831 9
474 168
4258 2
25011 1
4465 1
1441 13
1911 12
992 33
853 62
10702 1
429 171
528 131
1512 22
73423 1
22566 1
1813 7
12086 2
2078 10
43584 1
2492 5
2888 11
13161 1
2176 5
20911 1
158 1116
10431 3
20497 1
41250 1
5245 2
5618 2
15891 1
531 121
33833 1
3311 2
2468 8
111 2077
10384 1
250 490
10523 1
925 59
11198 2
31744 1
54152 1
2787 13
3143 2
2498 5
141 1363
20687 1
280 350
2996 11
13269 1
2789 3
23542 1
6610 1
1523 21
1316 22
22069 1
2684 5
5414 1
327 289
1575 13
11848 2
466 184
8229 1
1158 27
424 197
5459 1
372 234
10645 1
2356 8
7443 1
17716 1
17659 2
1160 28
669 92
2280 10
1474 20
2994 6
1746 9
4103 2
3172 4
54537 1
379 231
51744 1
240 514
1210 28
868 52
4152 5
19413 1
5644 3
557 126
806 54
11079 2
1861 17
77 4096
1297 23
3303 3
16207 1
946 27
12124 2
1851 8
434 177
10707 1
5521 1
15794 1
5894 1
16167 1
807 62
4558 3
5209 2
30941 1
10395 2
5696 1
609 105
6049 2
962 38
11235 1
2071 7
12344 1
22544 1
1791 15
1405 18
11678 1
5627 4
540 125
407 202
10680 2
3307 4
950 38
5472 2
385 223
713 60
10986 1
9737 1
11731 1
22211 1
1458 26
1557 18
1759 20
83885 1
873 59
5277 1
5084 1
10171 1
3100 3
7844 1
18117 1
1413 22
11686 1
5391 2
304 335
1786 11
677 74
1503 21
15655 2
5382 1
394 193
666 86
1882 9
464 143
91 2946
10364 1
5178 2
15287 2
5014 1
26 32792
20572 1
10299 1
30812 1
290 378
10563 1
2647 5
12920 1
2440 8
23193 1
96810 1
4353 2
157 1177
10430 1
35393 1
14847 1
23124 2
2371 12
12545 1
2272 8
760 65
3077 10
859 55
716 69
1825 23
3159 3
802 62
11075 1
16467 1
4682 1
14955 1
5544 3
21210 1
457 165
10730 1
4522 5
2165 10
12438 1
2423 11
7510 4
439 168
97509 1
5052 2
856 48
11129 1
1360 19
3717 2
46492 1
5400 2
709 82
5796 3
1082 22
923 65
2416 7
12689 1
27851 1
38124 1
8995 1
126 1744
902 52
5989 1
447 184
2756 5
399 216
10672 1
151 1218
10424 1
4865 3
1260 25
4770 4
4533 2
1241 24
6328 3
3592 2
13865 1
404 216
41006 1
20460 1
310 335
9182 1
24475 1
3722 5
1338 17
11611 1
229 569
2834 3
6740 1
613 96
14265 1
3785 1
24538 1
3992 2
3995 2
66254 1
4616 2
123 1756
20669 1
2480 9
7232 1
27778 1
161 1072
31187 1
10434 1
2786 3
13059 1
15317 1
56 7499
5143 3
2040 17
7127 2
1941 8
10208 1
34 19095
2391 7
1013 41
3370 5
175 977
2159 6
7246 1
2200 3
12473 1
3878 3
14151 1
1521 12
5124 3
15397 1
10211 1
37 16679
4751 5
2255 8
5743 3
16016 1
656 71
685 79
10958 3
2430 4
43936 1
1510 13
1385 15
11658 1
6472 1
232 533
10505 1
2589 5
108426 1
4661 2
9748 1
320 324
2958 5
381 240
2365 3
7452 2
38271 1
17725 1
4889 2
9778 1
14419 1
4146 2
277 380
71654 1
10610 1
337 279
1182 29
308 334
10581 1
9610 1
19784 1
928 45
11201 1
7999 1
325 292
1820 10
11994 1
1721 14
209 637
14587 2
4314 2
4413 2
112270 1
9540 1
21109 1
356 262
10629 1
18676 1
70041 1
6891 1
43491 1
1985 18
1549 16
11822 1
823 55
5937 1
850 40
477 140
5564 2
50225 1
19703 1
3204 5
13477 1
6423 3
42842 1
1336 11
3693 5
13966 1
10401 1
128 1642
227 586
671 71
10099 1
2348 7
5217 2
25763 1
130 1572
10403 1
1645 17
994 32
6081 5
16354 1
8811 1
3724 3
9409 1
2894 7
1888 14
12161 1
1347 22
1140 37
21893 1
444 170
10717 1
4412 2
4313 1
2055 7
274 392
10547 2
1227 25
3710 2
3305 4
24058 1
3512 4
488 140
769 65
11042 1
11 159883
10284 1
2368 5
33187 1
552 110
12349 1
2076 12
2175 8
1968 8
22721 1
5421 4
707 82
10980 1
1117 27
3474 3
8 260550
20554 1
10281 1
2527 9
4884 4
5224 4
137 1432
11134 1
861 55
960 55
8031 1
546 134
10819 1
2903 8
40702 1
6 387535
5115 2
28 28682
1639 16
10716 2
443 178
542 108
6738 3
436 183
62695 1
1057 46
1651 12
11924 1
21135 1
382 204
10655 1
1040 38
21793 1
3604 6
13877 1
5225 3
138 1405
4197 3
20853 1
100 2538
10373 1
4969 2
41761 1
255 470
10528 1
1286 21
1 2056386
10274 1
1883 13
1676 2
22429 1
4967 2
15240 1
253 477
9681 1
8160 1
49666 1
8970 1
1526 19
2452 7
95 2760
1930 10
785 62
11058 1
1123 30
14 106150
132 1546
109 2148
10382 1
6305 3
1218 27
3894 5
14167 1
8981 1
1537 16
6624 2
1910 9
668 78
866 55
659 73
21412 1
166046 1
22 45791
10295 2
9873 1
445 203
10718 1
5451 2
364 242
905 44
698 79
21451 1
5708 1
621 89
5712 3
10898 1
235 548
79 3932
3945 1
34764 1
1588 18
8659 2
5434 1
3308 7
951 49
17460 2
2199 9
4556 5
6913 2
17186 1
20208 1
35469 1
4650 1
7558 2
100843 1
17831 1
10288 4
114 1962
3168 6
811 55
2059 14
27 30454
2384 9
21906 1
1153 30
2401 14
33220 1
11868 2
1595 19
1694 22
387 212
585 84
573 114
41458 1
62211 1
11315 1
21795 1
1042 33
16402 1
6129 1
1141 25
11414 1
8585 2
3498 4
40629 1
32 21905
4746 1
548 133
10821 1
7799 1
2712 4
12985 1
5094 2
15367 1
10181 1
7 315917
6491 1
16764 1
999 31
21752 2
1206 26
1404 21
1285 24
256 457
10057 1
35492 1
14946 1
4673 2
4970 4
2613 8
4584 4
2227 10
2020 7
22773 1
3132 4
13405 1
9457 1
19631 1
2759 6
7846 3
427 182
22857 1
2104 5
24673 1
3920 1
14193 1
9007 3
2353 8
135 1510
20681 1
2866 4
509 131
10782 1
10142 1
20415 1
3071 5
13344 1
714 68
12 138036
166 998
2238 7
7531 1
2444 10
5174 4
87 3224
30906 1
453 161
80 3967
10353 1
61718 1
5167 2
15440 1
10189 2
359 229
21279 1
526 129
51891 1
147 1266
10420 1
241 526
7464 1
393 229
9821 2
154143 1
48 9971
765 64
14073 1
3800 4
2288 11
33107 1
8528 1
7866 2
2779 3
20 54646
1004 41
11277 1
25696 1
5150 2
261 462
207 705
24555 1
3802 2
19063 1
4921 2
3534 3
122560 1
104237 1
472 140
15733 1
5460 4
23178 1
2425 5
1183 28
125701 1
68 5270
10341 1
15933 1
5660 1
672 84
5490 1
403 172
2760 8
15509 1
5236 2
248 510
10521 1
1700 14
10704 1
431 188
61574 1
530 130
1896 9
787 61
16913 1
1247 20
22000 1
1454 6
5681 2
594 92
10867 1
26775 1
6229 1
1340 19
11613 1
26071 1
5318 4
231 586
1753 14
12026 1
2360 3
5090 4
3 844225
680 80
2132 11
12405 1
14002 1
402 201
195 749
20948 1
6178 2
1091 26
3468 1
1111 36
1857 17
234 497
2591 2
2597 4
5659 3
572 106
10845 1
31 23094
10304 2
222 636
15 93317
20768 1
21705 1
952 33
6039 3
833 60
5183 1
96 2737
69 4826
1178 21
5483 1
396 222
22515 1
1762 12
12035 1
2 1211813
10275 1
5089 3
375 191
2732 5
653 72
10926 1
85342 1
2330 8
12603 1
4548 1
10286 1
13 120428
112 2034
72023 1
139 1388
90595 1
7583 1
17856 1
2496 8
2128 7
12401 1
21258 1
505 145
1438 19
329 300
122 1769
20875 1
7400 1
1118 36
9 218051
1429 11
11702 1
42477 1
971 47
11244 1
818 53
1569 14
258 447
1422 16
1049 28
6136 3
1341 16
2289 5
2082 9
22835 1
71 4767
696 71
10969 2
1805 9
2271 12
270 399
1152 20
405 205
42885 1
1379 24
3736 2
524 125
3609 4
13882 1
282 384
17154 1
6881 3
12067 1
1794 14
10083 1
4996 2
740 74
5827 1
1113 22
7486 1
771 66
18463 1
2575 8
58532 1
2235 8
4453 5
2005 9
3455 2
13728 1
17 74430
10191 1
1026 39
25672 1
237 491
10510 1
2807 9
5168 3
81 3775
10354 2
40777 1
708 76
4764 1
50 8991
10323 1
703 88
419 188
5252 3
165 1039
544 106
2111 5
2484 7
12757 1
150 1193
10423 1
4993 5
25746 1
15473 1
5200 2
311 334
2529 8
172 966
14314 2
4041 3
987 44
20969 1
216 632
10489 1
2573 5
51519 1
154 1150
20700 1
21402 1
649 82
5085 3
371 224
7442 1
303 342
10576 1
2660 7
116698 1
12933 1
22142 1
1389 17
11662 1
993 35
12190 1
1917 9
2016 7
49 9438
1699 11
182 859
953 35
8024 1
18297 1
519 121
5606 3
61 6183
10334 1
2418 5
2681 7
10498 1
225 574
324 270
5038 2
571 109
30 24661
4385 5
78333 1
2028 9
411 188
1007 31
3378 5
51 8743
2408 7
1480 19
11753 1
341 252
2698 5
54682 1
3317 1
5128 1
41 13315
5204 2
117 1917
1446 20
10511 1
238 495
5479 2
392 207
181 930
4617 5
1276 21
197 783
83209 1
1817 10
2640 9
7994 1
2907 10
14692 1
4419 5
1147 32
11420 1
6234 2
4881 1
25634 1
5088 4
35907 1
2064 8
7077 2
1990 10
12263 1
1576 12
43082 1
3603 4
6310 1
1223 18
31745 1
21679 1
926 51
1104 20
4235 3
908 43
11181 1
1532 17
11706 3
1226 23
21979 1
37514 1
1905 12
32724 1
6992 2
1146 27
11419 2
849 57
1027 49
11300 2
831 59
11104 1
373 225
10646 1
13182 1
2909 6
1821 13
358 243
10631 1
14500 2
4227 5
575 92
522 138
7966 1
2879 4
184 827
2943 5
586 105
10859 1
441 172
2357 4
7444 1
17717 1
12531 2
2258 9
15466 1
5193 2
205 674
6967 1
1880 12
297 366
1406 18
1398 23
5798 2
711 74
37151 1
1542 18
1018 34
645 96
31464 1
5732 4
3375 2
5068 2
4663 2
25416 2
298 351
55 7480
21917 1
1164 27
2300 8
1649 14
11922 1
6736 2
18574 1
9093 1
5169 5
82 3605
2215 9
15437 1
5164 4
62534 1
275 412
5300 1
213 600
10901 2
628 92
727 70
11000 1
31546 1
3084 6
13357 2
2711 6
7798 1
20880 1
127 1668
5214 3
15487 1
5587 1
500 128
101814 1
9357 3
74 4304
10347 1
2431 7
615 94
2972 8
1298 15
61559 1
10194 1
515 152
142 1378
5229 3
973 26
11246 1
6060 2
36879 1
4585 4
117588 1
149 1216
1871 11
487 147
10760 1
19056 1
200 751
1312 28
5547 3
5340 2
26093 1
460 158
31279 1
2817 4
2971 13
2557 10
44063 1
5701 2
614 96
6093 1
1006 42
5123 2
73 4544
22827 1
2074 12
12347 1
4431 4
102 2412
9530 1
2320 9
12593 1
2692 4
23445 1
23652 1
2899 6
156 1135
4092 2
24845 1
4299 1
2008 9
4226 2
21178 1
425 202
14085 1
19172 1
3911 3
1967 14
10924 1
31677 1
3022 7
17613 1
7340 2
6201 1
1114 24
152 1228
17334 1
2073 10
1184 32
75 4359
10348 1
4511 2
32795 1
1976 14
2154 9
1712 11
89 3198
10362 1
15849 1
5576 3
26122 1
588 99
223 587
14230 1
3957 4
3555 4
86567 1
4383 1
88 3122
2445 5
245 568
16493 1
6220 1
1232 25
1025 27
21778 1
6761 2
17034 1
1674 7
5652 2
24 38844
33 20317
10306 1
2390 5
176 965
10449 1
3499 4
8988 4
116 1990
10389 1
731 68
8175 2
3088 8
224 606
1807 19
4025 4
6256 2
1169 29
60 6366
20606 1
10333 1
3847 3
348 294
10621 1
179 912
40084 1
9265 1
80780 1
29415 1
4475 2
18617 2
8344 1
10213 1
82124 1
39 14483
4753 1
58 6785
10331 1
4772 1
25111 1
4358 4
45864 1
285 379
809 62
11082 1
3197 6
7633 3
562 99
10835 1
4561 3
21987 1
1234 22
125 1647
2482 3
104 2397
10377 1
1199 30
5177 2
35996 1
90 3094
10363 1
1529 22
84334 1
1322 22
22075 1
10221 1
47 10111
5134 3
2043 9
4928 3
2571 11
492 137
89603 1
7419 1
3124 5
5819 1
2716 6
7803 1
191 770
4273 5
3758 8
5508 2
421 215
3748 2
3768 7
5154 1
67 5311
5288 1
201 744
5149 2
15422 1
62 6085
1264 31
4054 4
14327 1
155 1086
2512 7
4676 2
13548 1
3275 5
22516 1
1763 13
6219 1
1132 32
759 53
5846 2
36665 1
2945 2
23698 1
44658 1
3152 3
3350 6
26833 1
6080 2
23 41630
2003 12
1810 13
1306 22
22059 1
1513 13
6798 2
1711 18
1414 21
305 333
13613 2
3340 5
1828 13
12101 1
885 47
19741 1
153290 1
1321 23
5299 2
212 619
12470 1
17557 2
2296 8
33322 1
12569 1
14827 1
4554 1
4653 1
10252 1
78 3947
4792 1
15065 1
112533 1
20076 1
9803 1
619 86
2976 7
92 2954
30911 1
2449 11
4759 1
45 11041
10318 1
491 154
10557 1
31310 1
13044 1
33797 2
2978 3
6005 2
918 27
29 26069
660 81
4136 4
1962 11
7049 2
65 5662
123341 1
2422 13
12695 1
35 18281
10308 1
576 93
203 733
5290 4
5188 2
101 2479
413 171
3740 5
1383 20
11656 1
5197 4
110 2138
4546 3
1443 21
3352 5
13526 1
3253 2
5305 2
218 624
10491 1
5484 3
397 210
10670 1
190 776
20943 1
7841 2
2754 9
13027 1
5557 3
470 169
10743 1
127328 1
2810 7
7897 1
5913 2
21579 1
826 51
1085 39
3271 6
914 50
11187 1
1134 36
388 232
10562 1
289 374
25 35492
2382 9
2405 14
4762 4
1005 51
5206 4
119 1852
2476 8
12749 1
106 2301
4820 2
3372 1
642 69
31668 1
10915 1
5729 2
16380 1
6107 1
1119 27
10 186140
1986 19
11638 1
73897 1
1073 26
11346 1
9663 2
4576 4
20893 1
140 1359
148 1286
5235 4
521 135
10794 2
62903 1
644 95
10917 1
42 12753
449 180
493 138
2124 11
3874 2
3460 4
44966 1
14964 1
4691 1
426 169
3756 4
5402 2
315 336
2672 5
4283 4
14556 1
66 5497
1163 25
54 7787
20600 1
10327 1
1203 27
5181 3
15454 1
94 2890
2451 10
12724 2
3421 5
6151 1
26697 1
21817 1
1064 36
1370 23
6457 2
2095 10
22764 1
2011 8
504 114
5591 3
56956 1
877 48
11150 1
31931 1
7766 2
2242 8
43748 1
2656 6
3052 8
695 82
4934 1
46026 1
20973 1
220 590
498 143
10771 1
1362 23
5978 1
891 47
686 67
313 332
2315 6
1092 29
6179 1
634 87
10907 1
959 39
3627 6
1409 27
1202 29
21955 1
300 352
11268 1
995 30
16355 1
1094 25
770 60
2702 8
345 264
13792 1
3519 5
4519 2
5170 3
83 3544
1515 14
1363 19
11636 1
10440 2
167 1000
266 414
59 6680
20812 1
2623 5
4702 2
3221 9
4330 5
24876 1
48193 2
6687 2
1003 31
11276 1
22030 1
1277 22
11550 1
6364 2
63909 1
1650 11
168 1008
5255 3
541 120
10814 1
2058 14
187 797
2544 9
12817 2
1296 21
884 36
38973 1
18220 1
384 232
5929 1
19 60430
1607 19
3367 3
4914 5
46420 1
5328 1
637 80
5724 1
5127 1
40 13998
1393 20
1767 11
247 527
10520 1
7691 3
2604 6
1301 18
4079 5
16033 1
772 52
3608 4
1251 26
11524 1
14614 1
4341 1
4440 2
4233 4
24986 1
5365 4
529 125
10802 1
21163 1
410 193
2767 4
3420 3
13693 1
1617 14
1245 21
1592 14
244 553
15779 1
518 123
1017 32
810 57
21563 1
5695 5
608 97
6868 1
1781 11
848 60
163 1038
2520 12
221 580
41727 1
635 94
42537 1
1031 29
1827 15
12100 1
5949 2
862 64
279 371
254 474
6802 4
16976 1
12730 1
2457 5
11119 1
846 66
63204 1
945 41
23006 1
2253 7
1016 31
21396 1
643 71
10916 1
5730 1
1291 28
11564 1
3169 3
13442 1
812 49
7655 2
2568 9
12841 1
5298 1
211 629
4 627469
20757 1
1627 13
2263 9
1093 31
41823 1
317 301
15611 1
5338 2
350 276
10623 1
5437 3
723 73
113726 1
8247 1
1176 24
726 62
21479 1
933 33
1131 30
1672 14
1465 13
22218 1
6633 3
37452 1
1546 22
11819 2
2152 8
22378 1
1625 16
7787 1
2700 5
978 42
6065 3
74553 1
12915 1
8422 1
4560 2
4688 5
170 987
10443 1
5257 2
543 124
871 58
2784 5
2577 4
23330 1
12958 1
2685 7
1173 22
11446 1
697 54
10970 1
3625 4
7422 2
5438 1
351 249
10624 1
1938 6
26837 1
1402 16
27242 1
6489 3
16762 1
173 929
236 506
61308 1
9943 1
264 421
2026 11
12299 1
2531 3
7618 1
20522 1
174 895
10447 1
5261 2
1816 13
5980 2
16253 1
893 40
1467 13
1462 24
2595 8
701 68
10974 2
5571 4
484 127
10757 1
3629 3
5522 4
21188 1
435 157
6455 2
1368 17
32187 1
702 79
1848 18
12121 1
1065 33
11338 1
22430 2
1677 16
262 421
2619 6
7426 1
2339 8
18951 1
8678 1
7688 1
3888 3
5733 4
646 85
10919 3
4944 3
35763 1
10031 2
20304 1
4070 3
87082 1
4898 1
1615 11
11888 1
1228 30
11501 1
1395 31
183 810
10866 1
593 86
692 67
10965 1
883 55
3613 5
980 43
1263 28
1002 38
11275 1
1799 11
27266 1
6513 4
21259 1
506 118
10779 1
996 39
15909 2
5636 1
648 79
10921 1
2411 5
23758 2
3005 5
1626 19
21656 1
903 38
11176 1
5060 3
25606 1
346 267
819 39
3176 3
3024 5
13070 1
2797 6
2896 5
1516 16
276 383
4990 3
2633 6
3977 3
51161 1
291 390
1690 11
4047 5
574 107
10847 1
7434 2
5077 1
330 329
3404 4
18665 1
2166 11
206 690
362 233
271 419
10544 2
2221 8
4578 1
14851 1
15722 1
21214 1
461 171
581 99
5295 6
618 103
5485 3
398 220
2643 8
29109 1
7942 1
70201 1
18935 2
3674 4
1317 17
6383 1
27136 1
568 111
10841 1
8550 1
3463 2
3436 4
922 33
11195 1
5830 1
5632 2
251 465
10524 1
3438 5
23499 1
2746 3
18007 1
7734 1
22261 1
1508 17
1282 21
719 83
5493 2
46999 1
16180 1
77818 1
5907 1
6303 4
1216 38
6054 1
967 37
5251 3
164 1040
10437 1
85533 1
2521 11
1022 35
6394 1
2216 15
14395 1
4122 3
24974 1
4221 3
14494 1
647 91
3115 5
758 66
494 130
2327 11
3763 1
3961 4
468 151
10741 1
1066 33
7753 1
2666 7
3412 5
34231 1
6142 1
1055 43
965 30
592 102
5679 3
134 1388
1149 25
1407 20
11680 1
299 364
10572 1
188 810
10461 1
1814 13
6520 2
2488 7
131 1538
1679 19
11952 1
560 117
15821 2
2392 8
33211 1
5495 2
408 203
1039 36
31858 1
2251 14
744 66
52109 1
11017 2
3101 2
3139 5
33958 1
2246 9
2891 5
534 120
5737 1
650 78
10923 1
7721 1
17994 1
1229 25
4432 2
35251 2
2842 5
485 134
10758 1
15432 1
5159 1
171 939
10444 1
798 51
8082 1
5285 3
4871 3
46377 1
198 782
623 82
5125 2
38 15429
9466 2
5445 2
15718 1
5643 1
556 112
821 44
94106 1
11094 1
1518 14
52883 1
4018 3
42181 1
675 83
1196 32
3206 3
476 130
269 453
21022 1
5563 3
5888 1
801 37
1319 23
1112 21
21865 1
7183 1
2096 7
414 205
4939 2
16404 1
1143 36
11416 1
14719 1
4446 4
10751 1
478 153
577 114
25671 1
4918 2
30758 1
10005 2
319 265
41411 1
3110 4
6844 1
17117 2
13542 1
3269 4
24121 1
3368 3
1193 31
779 58
42285 1
986 34
21739 1
3550 3
1935 9
12208 1
1562 16
6649 1
3587 6
51339 1
469 140
10742 1
31288 1
742 60
535 139
21288 1
1548 17
2044 9
9506 2
1305 13
6392 4
61603 1
559 102
10832 1
286 371
41792 1
700 66
1096 38
7396 1
17669 1
2309 3
1929 17
5959 3
36778 1
872 50
11660 1
1387 19
1486 18
600 97
2187 7
1907 15
44 11660
186821 1
12180 1
1873 17
32692 1
72 4755
6354 3
1267 22
8338 3
140973 1
7424 2
3624 8
553 112
835 58
11108 1
214 586
20967 1
62473 1
4288 5
9375 1
14089 1
3816 3
34192 1
3373 2
349 245
10622 1
3985 2
47126 1
5620 3
533 120
3505 2
1148 29
11421 2
2926 8
196 735
5283 3
4537 3
14711 1
25191 1
4438 2
569 121
442 175
4114 7
14387 1
22210 1
1457 17
6544 2
7011 3
1150 33
56698 1
102481 1
10024 1
741 68
10807 1
31560 1
2652 5
226 569
5313 3
3402 2
4167 4
66426 1
295 359
41962 1
456 143
249 452
21002 1
508 126
21092 1
339 308
10612 1
631 92
10904 2
606 105
10879 1
814 50
3171 7
3035 10
605 110
53141 1
1776 9
949 47
3306 7
1431 14
11497 1
32250 1
6518 1
9042 1
19315 1
874 50
1841 14
3548 2
13821 1
1191 30
4615 2
1840 17
1020 40
1358 21
11631 1
14131 2
3858 1
1945 15
217 617
257 446
679 78
10952 1
4080 2
6939 1
1852 13
5768 2
681 80
10954 1
2864 3
61551 1
507 144
21481 1
728 56
15989 2
5716 2
1944 13
12217 1
16647 2
6374 1
11560 1
22040 1
1287 27
1386 13
931 40
1021 34
17208 2
336 297
3181 6
5507 4
420 217
1912 10
221523 1
2782 7
12551 1
33304 1
2485 7
306 331
99 2572
20852 1
1328 15
1284 22
3699 7
1342 25
7180 2
2093 9
3096 5
204 759
1728 18
8145 1
1747 13
292 355
10565 1
890 42
11163 1
6613 2
48119 1
17300 1
2336 10
4328 3
9415 1
22330 1
1577 14
32396 1
6112 2
3501 2
8588 4
39110 1
8291 1
1205 30
1506 16
1188 30
687 87
482 140
1902 12
2731 11
2317 13
43823 1
5461 3
15734 1
41880 1
374 242
827 52
5914 3
1730 11
326 329
10599 1
1937 12
12210 1
13488 2
3538 3
55317 1
13811 1
6268 1
1181 19
578 107
31397 1
10851 2
1517 23
11583 2
32336 1
15913 1
5640 1
652 93
1974 14
32793 1
13655 1
3382 5
3481 2
13754 1
1641 19
796 57
11069 1
1478 24
2576 10
219 607
1095 27
20871 1
118 1968
30937 1
10391 1
302 346
1874 12
12147 1
6961 1
6095 2
1008 28
527 131
5190 3
103 2319
10376 1
4817 4
22192 1
1439 22
6526 2
27072 1
36206 1
98465 1
1080 33
24190 1
3437 4
3167 4
1608 14
1060 37
344 292
9692 2
4605 4
5026 4
312 334
10585 1
6616 1
27369 1
7021 1
17294 1
2163 13
64049 1
1790 7
6877 1
29339 1
3904 4
3697 4
24450 1
6775 3
1688 17
11340 1
73599 1
1242 22
4345 5
14618 1
6710 1
1623 11
22317 1
1564 14
11837 1
5719 3
15992 1
502 125
966 42
5680 2
15953 1
944 52
5368 5
15641 1
21034 1
281 410
7028 2
924 36
3637 3
97 2714
41603 1
511 130
907 41
11180 1
5994 1
2637 9
7724 2
48420 1
7328 1
1280 21
42110 1
604 92
10877 1
1702 15
1374 27
3407 4
4456 4
6488 2
390 198
164355 1
1571 11
1166 26
21919 1
1373 20
1189 33
11462 1
16013 1
752 76
766 60
11039 1
1144 27
11417 1
6985 1
37804 1
1898 10
1787 9
12060 1
3738 3
8825 1
580 87
10754 1
21234 1
481 139
1326 16
11599 1
2264 12
4508 2
5518 1
2868 5
54233 1
748 58
11021 1
177 814
2310 8
948 35
202 692
31228 1
10475 1
2202 7
4559 3
4352 3
25105 1
2947 4
8034 2
3320 6
125452 1
934 45
2545 10
12719 1
2446 7
3138 5
1505 14
11778 2
2195 8
790 61
21543 1
997 43
1195 24
3552 6
13825 1
4157 3
1800 14
4017 5
14191 1
45424 1
3918 3
9104 1
751 75
3108 2
4272 5
1915 16
3600 4
3119 3
762 74
35972 1
21116 1
363 259
5450 3
736 64
5645 3
558 80
10831 2
2708 6
23461 1
6661 2
1574 17
661 81
58188 1
16682 1
6409 1
6508 1
1421 17
1214 30
21967 1
1643 18
1436 21
22189 1
243 525
10516 1
8380 2
5650 3
1211 24
6257 2
1170 27
11443 1
710 68
4053 3
5376 2
587 106
10860 1
6686 6
1599 15
5550 1
463 169
10736 2
1412 19
6499 3
1785 13
13630 2
3357 3
8543 1
8727 1
3640 2
92091 1
40726 1
525 125
318 329
21071 1
352 281
4066 1
2102 9
12375 1
673 79
490 157
283 393
21036 1
52269 1
10763 1
2160 4
979 36
565 95
42071 1
6066 5
8796 1
13883 1
3403 2
24156 1
3610 2
7164 2
2077 10
6856 1
1769 10
5583 1
496 126
782 53
11055 1
66913 1
5707 1
15980 1
917 44
192 803
17810 1
2549 7
21005 1
252 490
1551 22
8776 2
8239 3
3046 3
13319 1
10863 1
590 107
689 69
24995 1
4242 3
1009 40
595 113
42101 1
103739 1
42085 1
579 103
59026 1
198892 1
3705 5
499 127
1500 21
1293 14
22046 1
10945 1
93957 1
654 90
4504 3
24643 1
3890 5
14163 1
1619 23
6706 2
6546 1
16819 1
64596 1
2337 14
9408 1
1029 40
6116 2
23332 1
2579 4
7666 1
20771 1
18 66542
31044 1
10291 2
5105 5
391 217
1126 29
753 71
11026 1
5840 1
6690 2
1603 25
3960 5
27538 1
6785 2
1698 15
21669 1
916 45
1440 13
11713 1
1842 11
7035 2
21205 1
452 165
72984 1
10725 1
6553 2
16826 1
1466 17
11739 2
1097 26
6184 2
1470 26
803 55
3925 4
2019 8
1812 11
22565 1
2133 10
1334 24
11607 1
5787 3
1038 33
6125 1
267 437
2624 9
12897 1
415 192
208 715
20961 1
5502 5
53 8149
20806 1
10533 2
2167 14
1302 22
8334 2
11584 1
1311 23
1410 21
11683 1
4310 1
14583 1
3905 3
24658 1
3491 5
65750 1
1602 12
32421 1
2208 9
8242 2
7138 2
2051 6
932 47
11205 1
16193 1
5920 1
7124 1
2037 6
1161 30
1024 36
4064 3
1509 20
699 79
86068 1
3056 5
13329 1
2689 7
6284 2
1197 38
1477 17
9454 1
1320 16
2840 5
1028 29
1279 18
6366 1
2025 12
1818 13
22571 1
412 193
2769 7
133 1506
20679 1
3690 5
705 85
3062 6
6410 2
2412 9
7499 2
36037 1
5218 2
428 189
16280 1
1019 33
11292 1
4588 2
14861 1
2290 5
6870 1
1783 12
2572 5
215 630
10488 2
8822 1
3735 7
5276 3
20942 1
189 777
10462 1
2173 5
17434 1
7161 1
4145 4
3938 3
24691 1
14319 1
4046 1
9232 2
1578 15
6665 2
1605 8
21891 1
1138 30
43005 1
1499 21
1105 35
11378 1
1735 12
622 74
1671 16
2678 7
5408 4
321 306
10691 2
418 180
517 128
31543 1
10790 1
314 312
10587 1
1583 11
467 167
10740 1
260 447
21013 1
9161 1
19434 1
15533 1
5260 2
272 423
5359 2
20933 1
180 846
784 43
3244 4
12836 2
2563 10
3775 6
2190 5
791 57
9160 1
2089 12
4771 3
9858 1
4357 3
14630 1
3732 5
83906 1
894 49
1640 15
84445 1
1433 18
22186 1
22471 1
1718 10
11991 1
1683 10
11956 1
6279 2
78811 1
16552 1
1192 21
1519 20
16921 2
6648 1
1660 17
11933 1
2267 8
12540 1
5 486036
25845 1
5092 3
14296 1
3947 1
14220 2
9034 2
21753 1
1000 30
36324 1
5505 2
715 76
3348 7
13621 1
1673 11
21970 1
1217 26
471 156
57 7184
41563 1
7441 1
2354 9
1142 27
886 48
31912 1
11159 1
21088 1
335 262
288 407
2067 17
210 654
1621 18
11894 1
6708 2
879 45
11152 1
5924 1
837 53
626 85
10899 1
1030 42
1115 37
11388 1
882 46
11155 2
2121 11
4154 2
293 389
820 59
13740 1
3467 2
598 105
1590 21
62357 1
98 2527
20446 1
6791 3
1704 17
501 139
10774 1
21629 2
876 38
11149 1
1933 11
599 88
10872 1
1417 27
16364 2
36910 1
6091 1
1103 34
52468 1
11376 1
912 52
11185 1
1966 8
51343 1
473 135
975 32
4229 3
14502 1
5122 3
46628 1
15809 1
16106 1
845 50
3900 2
376 216
10649 2
749 61
23002 1
2249 7
8114 1
735 62
144 1305
10417 2
5033 2
15306 1
4590 1
25343 1
15070 1
919 48
11192 1
712 64
21465 1
985 49
1353 17
732 59
62991 1
1366 17
1461 15
1720 13
6516 1
27269 1
43340 1
1834 15
3851 3
8938 2
7084 2
1997 15
1845 13
6932 3
6778 2
22444 1
1691 13
11964 1
566 109
832 54
625 98
21378 1
1068 31
32094 1
11341 1
1833 13
1394 24
1219 19
1732 14
6819 1
21690 1
937 43
11210 1
49890 1
8798 1
4107 4
2254 10
583 106
1839 14
4573 2
4366 2
25119 1
342 273
10615 1
1135 20
1032 32
14876 1
4603 1
5320 2
233 550
629 89
641 75
36927 1
6108 1
1318 21
11591 1
1926 14
4058 1
27526 2
6773 2
1686 17
520 131
657 80
36 17481
62295 1
39945 1
4336 3
19597 1
9324 2
9423 1
3300 6
13573 1
328 283
121 1811
20874 1
26672 1
6126 2
16399 1
1237 30
433 179
4179 3
1295 24
5441 3
354 260
458 153
684 65
6045 1
958 36
31777 1
6215 5
21881 1
63387 1
1128 19
1849 16
6149 3
1062 28
5530 3
15803 1
777 70
5703 3
616 109
881 49
4118 2
514 148
10787 1
1046 37
3682 3
4739 1
66998 1
867 61
11140 1
1795 9
1122 22
486 132
6071 1
47163 1
1102 26
857 52
2178 7
9687 1
4600 1
386 213
8086 1
2999 8
6475 2
1388 18
2103 10
1766 12
1530 13
1323 22
22076 1
6617 3
1365 13
1695 11
6075 2
988 36
9649 1
4562 4
839 53
6600 1
83866 1
854 54
438 187
3131 3
1253 18
6244 5
1157 31
1496 20
21789 1
1036 38
2109 6
12382 1
2323 5
768 59
1999 10
640 85
942 48
440 158
2170 9
4527 5
6048 4
961 45
1343 10
51359 1
10267 1
489 140
10555 1
31308 1
2031 11
12304 1
1824 10
22577 1
851 59
11124 1
5226 3
4812 1
46318 1
57005 1
15499 1
34455 1
13702 1
3429 2
5129 4
40189 1
6692 2
1948 10
22701 1
2155 7
12428 1
3347 2
24100 1
3554 2
35906 1
5087 1
15360 1
8799 2
49891 1
4218 1
6552 2
59494 1
3667 2
13940 1
7198 2
27951 1
2066 9
3153 3
13426 1
14160 1
3887 5
7432 1
58797 1
6199 1
16472 1
2704 6
1127 19
11400 1
6001 2
12899 1
2626 6
5289 2
96758 1
4301 1
26548 1
28102 1
2346 8
5596 1
38790 1
7971 1
7925 1
3219 1
30760 1
5371 2
7111 2
7675 2
2762 8
8238 1
18511 1
7628 3
19852 2
26162 1
5616 2
19346 1
16076 1
5803 1
20095 1
10223 3
858 47
42364 1
11545 1
1272 18
3180 5
8092 2
19867 1
9594 1
8634 2
5469 3
15742 1
7796 2
6157 4
20029 1
1187 17
7085 1
8130 1
3688 1
13961 1
2644 9
14989 1
5334 1
34284 1
3465 2
18004 1
8511 1
2145 6
22898 2
25069 1
4316 1
6175 4
3487 4
128005 1
4729 3
7992 1
3142 6
53995 1
2630 8
29441 1
19168 1
7661 1
28414 1
58958 1
13041 1
2768 4
16079 1
38661 1
7842 1
35718 1
14965 1
4692 2
49632 1
27239 1
6486 2
35075 1
4256 4
13466 1
3193 3
16487 2
26760 1
6214 3
68636 1
17271 1
8234 2
6578 2
37397 1
16851 1
19358 1
5939 1
4451 2
8444 3
14127 1
24607 1
3854 1
7055 2
6840 1
5335 4
147590 1
2319 7
2944 3
8545 1
1757 13
3419 4
2910 6
15552 1
5279 1
2555 4
2514 9
10190 2
7876 1
2306 6
49686 1
29140 1
38877 1
8058 2
3426 5
2986 3
2198 2
12471 1
33017 1
1185 24
1165 24
9066 1
3917 7
43479 1
1973 7
4374 1
1498 16
4294 2
6981 2
9308 2
4435 4
2962 5
5029 2
2790 7
10172 1
6037 2
6718 2
4901 3
16258 1
3264 5
3057 5
23810 1
66870 1
4611 1
1401 12
2134 8
1927 12
22680 1
4042 1
23721 1
44474 1
2968 4
3020 5
1900 10
2970 5
13243 1
6629 1
3913 3
1996 6
1894 11
2473 5
5465 2
56830 1
4416 3
35235 1
3237 2
13510 1
5910 2
5631 2
22449 1
1696 4
11969 1
4723 4
27908 1
7155 1
4634 4
2865 4
984 42
3086 5
1886 5
5489 3
15762 2
10044 1
6890 1
3029 2
6837 1
17110 1
7330 2
3203 4
2781 9
4940 3
2321 10
12594 1
8713 1
5424 1
15857 1
5584 2
1356 30
11629 1
1928 9
5343 4
9694 1
27275 1
6522 2
8484 1
3446 2
676 68
6860 4
17133 1
6667 2
6627 1
47719 1
4991 2
8705 2
2600 8
2229 7
4367 2
1761 4
12034 1
5791 3
1943 10
3326 5
1568 20
11841 1
1731 10
1524 14
22277 1
1655 10
11928 1
1633 15
1426 23
22179 1
1670 9
5734 4
4031 4
14304 1
4093 4
6209 1
47715 1
27376 1
6623 3
4281 1
3112 4
7112 2
6749 2
2063 5
5999 1
6369 1
22789 1
2036 8
5766 5
5754 1
4787 4
8530 2
1988 10
5005 2
15278 1
4006 3
9292 1
2669 2
1522 16
27014 1
6261 2
16534 1
6413 3
2437 5
2230 7
22983 1
5321 3
2342 3
6015 3
1936 9
1315 22
63574 1
12209 2
7674 1
2119 6
22872 1
12599 2
2326 4
2293 5
12566 1
2086 6
22839 1
6704 1
4010 2
4766 3
3910 4
4552 1
5086 1
3160 8
23313 1
2560 9
5065 1
5612 1
15885 1
15598 1
5519 1
1225 23
11498 1
16803 1
6530 1
6847 2
4945 1
15218 1
3849 1
26883 1
16610 1
1713 10
11986 1
2780 6
5352 2
80850 1
8939 1
3234 4
2033 6
85045 1
2861 4
3760 5
26638 1
3931 4
19492 1
4466 3
3545 2
13818 1
41049 1
7122 1
13456 1
3183 6
4835 1
14717 1
9899 2
2893 5
1355 18
9706 2
40525 1
7744 2
39642 1
18410 1
8137 1
9266 1
19539 1
7173 2
35071 1
4252 2
13455 1
3182 2
5876 1
47382 1
59060 1
6771 1
8139 1
18053 1
5293 2
26046 1
36526 1
15773 1
5500 1
5836 5
4963 6
35782 1
6426 2
3107 4
2140 11
17566 1
2556 3
3570 2
16499 1
6226 1
8134 1
5006 2
15279 1
7765 1
49271 1
18452 1
8179 1
7220 1
19036 1
8763 1
23489 1
2736 5
6137 1
5930 1
26683 1
16400 1
6127 2
4255 3
14528 1
14196 1
3923 1
17179 1
1865 6
8185 1
3282 6
24035 1
3489 1
28178 1
17072 1
6592 1
27345 1
89811 1
6799 1
9997 1
25965 1
3577 2
13850 1
19181 1
185205 1
81440 1
78478 1
6713 2
27466 1
4217 2
14362 1
4089 1
3772 5
95704 1
3247 3
2574 3
3028 5
9753 1
15894 1
18646 1
4004 2
6821 1
17094 1
9862 1
6972 1
18246 1
27862 1
7109 2
8194 1
2592 5
6701 2
68960 1
57919 1
6554 1
2833 5
8275 2
2963 6
23716 1
3170 1
4044 1
9426 1
2398 12
15881 1
26154 1
58954 1
17862 1
6912 2
8707 1
5872 3
5113 5
4048 2
29947 1
3394 1
20036 1
4863 1
7754 1
28507 1
7254 3
7615 1
28368 1
3089 2
23842 1
4161 1
55526 1
19694 1
4876 2
4392 1
8556 1
15614 1
5341 1
3319 2
4219 2
14707 1
4434 4
8161 1
28914 1
8368 1
7870 3
27529 1
6983 2
5677 2
28365 1
7612 1
48911 1
28158 1
14028 1
3755 1
17489 1
93032 1
10020 1
9281 1
15576 1
5303 1
13280 2
3007 6
9374 1
19647 1
13783 1
3510 1
33863 1
13317 1
37935 1
17389 1
5336 5
26089 1
9604 1
9000 1
14437 1
4164 3
3242 5
19546 1
12667 1
2394 6
3532 2
5689 1
18960 1
147749 1
2478 3
20084 1
7758 3
29351 1
3516 2
1895 11
5623 2
6621 2
44486 1
2980 5
13253 1
6534 2
5634 4
3424 5
9097 3
5635 3
36246 1
46933 1
5427 2
4418 3
30216 1
4638 2
15662 1
5013 2
66458 1
4199 2
3341 5
10132 1
8698 1
2417 11
10023 1
2639 6
44145 1
3053 5
37624 1
3134 2
3091 5
6918 4
3239 4
8255 1
23129 1
2376 8
12649 1
2705 6
12771 1
33524 1
22031 1
1278 29
7073 1
2581 7
12854 1
4686 5
4999 2
46266 1
4760 4
2369 7
12642 1
5624 2
9018 1
3360 1
4724 1
2872 4
29791 1
13757 1
34510 1
3691 1
13964 1
17432 1
15629 1
5356 3
6561 4
36554 1
40302 1
9483 2
34891 1
4072 3
9231 2
5851 2
5130 2
40417 1
15520 1
5040 1
25793 1
5247 2
4567 2
5199 1
15472 1
3362 5
16271 1
5998 2
3889 7
7215 2
16436 1
13829 1
34375 1
24309 1
3556 2
3161 3
10170 1
82114 1
6960 2
15874 1
5601 2
4494 1
39497 1
18744 1
8471 1
14548 1
25028 1
4275 1
3666 2
34918 1
14165 1
3892 2
5772 2
6014 3
2610 5
2164 5
6873 1
4666 5
3836 3
86848 1
4664 2
4905 2
15406 1
35952 1
6280 2
3569 4
7120 1
5834 1
8761 1
34519 1
17799 1
7526 1
10034 1
30787 1
20514 1
10241 1
15581 1
5308 3
14145 1
7495 1
18905 1
2491 7
2915 5
23668 1
3122 6
16392 1
3659 2
13932 1
9427 1
19700 2
2923 3
13196 1
117385 1
19429 1
50473 1
6855 3
29878 1
19067 1
16618 1
6345 1
17543 1
5823 2
16096 1
3098 6
65357 1
51255 1
5625 3
18848 1
8575 1
10149 1
27686 1
6933 2
5346 2
9450 1
29996 1
36387 1
7415 3
30567 1
39081 1
8262 1
6308 1
20123 1
65550 1
3912 3
5549 2
3010 2
17865 1
49098 1
7592 2
45958 1
4452 2
8549 1
18822 1
1596 14
4860 1
3784 3
107549 1
4819 1
100338 1
19629 1
60470 1
26822 1
47782 1
6276 1
19903 1
9630 2
8548 1
14552 1
4279 4
5871 1
2180 4
19969 1
40722 1
4109 2
5832 1
38888 1
8069 1
12887 1
2614 7
4708 1
66967 1
5329 1
4706 4
28548 1
49463 1
8371 1
17176 1
79435 1
91756 1
9572 1
12214 1
53720 1
17756 1
7483 1
33611 1
2792 4
14333 1
4060 4
36928 1
6109 2
18800 1
7577 1
37655 1
10080 1
1533 17
3127 9
23880 1
34153 1
3334 4
7163 1
17436 1
16718 1
4030 4
14673 1
3708 3
4480 4
12926 1
2653 2
18397 1
28877 1
8124 1
2335 6
51038 1
6182 1
2839 3
13112 1
5966 1
7693 1
6586 2
27339 1
6793 1
5814 1
9348 1
8734 1
9492 1
3471 3
13744 1
5662 1
7341 1
4261 4
8555 2
15970 1
5697 2
18451 1
16024 1
2739 7
40038 1
19285 1
3061 3
4363 3
28098 1
3825 3
5774 2
2252 8
2045 6
22798 1
16143 1
5870 2
2127 9
4962 2
35781 1
2561 10
4477 2
2934 2
4139 2
5845 3
3146 2
5686 2
26439 1
5893 1
139338 1
5789 4
2651 3
12924 1
15771 1
5498 3
3337 3
4719 2
18770 1
8497 1
8294 1
3907 2
14180 1
9258 1
37705 1
58458 1
6424 1
3246 1
27018 1
6265 1
5304 1
5097 1
25850 1
5911 1
4470 6
18323 1
4632 2
19544 1
10236 1
20509 1
2441 8
6040 1
9578 1
29358 1
9855 2
20128 1
10039 2
27281 1
6528 1
6321 1
27074 1
30314 1
6510 1
3353 2
9354 1
18480 1
19347 1
2582 7
12855 1
8685 1
5274 3
26027 1
5481 2
7249 1
17522 1
4660 3
2541 5
4844 1
81118 1
70830 1
7301 2
79419 1
58666 1
30370 1
4372 2
38062 1
27996 2
7243 1
5307 3
6774 2
6206 3
7917 1
3116 4
8709 1
29255 1
4916 1
7601 2
6252 1
16525 1
5860 1
4292 2
8304 1
5463 4
46969 1
6593 2
26079 1
3388 3
13661 1
4954 3
28475 1
18202 1
9911 1
3936 1
3729 7
24482 1
2884 6
3093 6
4077 4
6555 1
5513 1
15786 1
9137 1
5540 2
5731 2
17138 1
69124 1
6865 3
5187 1
25940 1
38896 1
8077 1
3228 5
23981 1
3435 5
34254 1
7248 1
17521 1
8407 1
59427 1
8062 1
9621 3
13014 1
2741 4
7438 2
18107 1
5828 3
4539 2
3764 2
17849 1
3686 3
9725 1
5653 3
4260 1
48229 1
36727 1
5908 1
9570 1
7634 1
6506 1
15091 1
4818 2
18180 1
28660 1
7907 1
18856 2
8583 1
2758 7
18798 1
8525 1
4302 2
4339 1
1764 7
7076 3
27622 1
15544 1
5271 1
5282 1
60239 1
18733 2
6117 1
25208 1
4455 2
6929 2
27682 1
10075 1
17588 1
3470 6
3933 2
24686 1
4140 2
19158 1
4308 3
2314 10
19337 2
4809 3
15082 1
16631 2
6358 1
30146 1
9979 1
18227 1
33277 1
23211 1
2458 4
9752 2
29406 1
3304 4
5294 2
2874 5
23627 1
3081 6
5457 1
2006 11
126524 1
3248 2
27767 1
7064 2
15683 1
5410 3
5462 2
29614 1
9068 1
1866 11
8821 1
99341 1
3984 1
5353 2
4399 1
7902 2
9988 1
26419 1
5873 2
9233 1
9827 1
7880 2
8313 1
38678 1
6787 1
17060 1
6058 3
1738 9
19170 1
8897 1
4293 2
5024 1
15012 1
6925 1
6986 1
48078 1
17259 1
17130 1
8557 2
6636 2
9964 1
65715 1
3456 6
13729 1
5541 2
4956 2
9656 1
9048 1
25425 2
4672 2
10058 2
9278 2
6545 2
2954 3
17348 1
8513 2
18786 1
4321 4
5554 2
15827 1
7410 1
15346 1
18094 1
7821 1
1657 14
8472 4
6814 1
2313 6
12586 1
2650 5
8374 1
7047 2
3413 3
4170 1
7375 2
7598 1
15048 1
4775 1
27193 1
6716 2
6843 1
44816 1
3310 4
13583 1
19807 1
8164 1
70423 1
2721 6
39719 1
25245 1
4699 2
9719 1
6273 2
119276 1
4354 3
3792 1
6543 1
19015 1
7851 1
2566 5
5915 2
27699 1
2515 3
4074 5
20101 1
28315 1
20085 1
19182 1
60688 1
9323 1
97437 1
20457 1
5972 2
7203 2
7877 2
28331 1
7785 2
6353 2
5604 1
20125 1
9852 2
97283 1
25579 1
4826 2
3731 5
4100 6
10178 1
23765 1
3012 2
9086 1
4704 5
10082 1
20355 1
5759 1
46744 1
25991 2
5238 4
19014 1
9310 1
60882 1
40129 1
4796 1
4315 2
8986 1
28463 1
7710 1
16057 1
5784 1
38321 1
7502 1
8056 1
9092 2
20418 1
3398 6
5284 2
6254 2
16527 2
45001 1
3495 4
6253 2
20079 1
3987 2
2699 6
8079 1
6370 2
14525 1
35278 1
37902 1
7083 2
5568 1
67827 1
16462 1
1748 8
3439 4
7042 1
5675 1
2397 6
4266 6
4059 4
24812 1
16587 1
6314 1
2725 8
23478 1
2932 5
8614 1
15391 1
19045 1
2189 6
18569 1
20202 1
5080 4
4640 2
4726 3
6741 2
5817 2
7466 2
67136 1
4877 1
4922 2
9950 1
15151 2
4878 3
20092 1
5062 2
15335 1
29365 1
7683 1
9446 1
15717 1
3832 4
3720 4
16122 1
8045 1
5739 3
2956 5
14885 1
4612 3
14663 1
4390 2
8521 1
2463 10
20096 1
30576 1
9823 1
29802 1
9256 1
2960 3
17575 1
16823 1
6550 1
37369 1
5324 3
5117 4
25870 1
12878 1
2605 5
9320 1
69447 1
7188 1
13683 1
10268 1
5671 1
9846 1
18807 1
17841 1
38594 1
7775 3
17486 1
7213 2
9063 1
2955 3
5309 3
3188 3
16746 1
68733 1
4386 1
54966 1
13460 1
3187 6
6010 1
24550 1
3797 3
6216 2
2379 4
33186 1
2367 4
16042 1
5769 1
5258 3
6487 1
16201 1
9920 1
13870 1
6668 2
16941 1
51337 1
10245 1
6177 2
9145 2
15290 1
5017 1
2985 5
3006 5
9359 1
28542 1
8026 1
8643 2
2546 2
3249 5
3075 4
5993 2
6459 1
7298 2
3991 3
17564 1
7291 1
17221 1
26247 1
5494 3
5778 1
6628 1
5837 1
9100 1
8893 1
29646 1
6086 4
6267 2
5905 3
4488 2
28362 1
39259 1
5982 2
25335 1
4582 1
6407 4
6654 2
4925 1
14461 2
4188 2
4362 3
15716 1
3999 5
16880 1
2192 4
12465 1
3418 1
13691 1
7355 1
6355 1
9342 2
4193 2
8105 2
3563 6
24316 1
3770 3
2696 8
7582 1
6062 2
3102 5
79906 1
17647 1
6767 3
4375 3
7489 2
6047 1
1600 12
16716 2
6443 1
8283 1
8249 2
14807 1
4534 3
2883 4
13156 1
1955 8
8203 2
1843 11
22596 1
2050 6
7082 1
2495 7
5416 3
3617 3
4346 3
35165 1
14961 1
35714 1
4895 2
3709 4
24462 2
141237 1
16719 1
6239 1
26992 2
6446 1
10033 1
9597 1
6689 2
4873 3
7622 1
4160 3
6724 2
7435 1
27988 1
48741 1
5050 2
1274 17
11547 1
1067 35
21820 1
13339 1
3066 4
2859 4
23612 1
10055 1
12325 1
2052 5
9026 1
12227 2
64213 1
1954 9
4166 3
3944 3
5497 3
3379 5
5812 1
26358 1
5899 1
8736 1
59484 1
56344 1
4979 1
19060 1
2995 2
23748 1
7290 2
17530 1
7257 1
95354 1
2897 3
13370 1
3097 6
12949 2
2676 6
8000 1
9275 1
13414 1
3141 6
57197 1
15691 1
5418 2
17732 1
50230 1
29477 1
15332 1
3408 6
7938 2
8228 1
16132 1
25149 1
4396 2
14669 1
19385 1
15838 1
16982 1
3602 2
4595 2
87607 1
5556 2
8581 1
39197 1
8378 2
3594 3
24347 1
3801 1
47232 1
8198 1
18471 1
6300 1
2982 4
34330 1
3511 4
4384 1
11554 1
1281 17
17767 1
3462 3
18488 1
8215 1
6064 2
26817 1
6271 2
9953 1
26897 1
29979 1
8051 2
20395 1
8745 1
5263 2
3926 2
4937 1
38295 1
7269 2
28022 1
14429 1
4156 2
4583 2
9527 2
2822 7
23575 1
65081 1
3443 3
13716 1
38139 1
7320 1
19535 1
5155 3
37581 1
8467 1
8282 2
7365 2
2436 7
4525 3
4882 1
9755 2
1899 7
3466 5
12712 1
2439 4
29347 1
9515 1
12752 1
2479 8
2612 5
17237 1
9479 1
4506 1
6700 3
4155 1
10257 1
111270 1
7505 2
2241 8
17639 1
19533 1
5801 1
4717 2
4811 3
4305 2
7445 1
18164 1
7891 1
5750 3
5661 2
5091 4
15364 1
2867 4
7256 2
28473 1
20107 1
3192 2
4286 3
25039 1
35312 1
25246 1
4493 2
24312 1
3559 2
13832 1
18571 1
9501 1
4681 2
3447 2
2753 5
59107 1
7742 1
13856 2
1942 9
4394 2
3877 2
6343 2
2821 6
2710 5
6102 3
2343 4
1252 18
22005 1
11732 1
1459 14
8297 1
8240 1
18513 1
19794 1
9521 2
6956 1
17229 1
3814 4
30623 1
5161 2
19795 1
5747 2
3639 2
30692 1
6417 1
5020 1
2027 11
12300 1
6634 1
4206 1
27690 1
6937 2
4335 3
5958 1
4524 3
8624 1
7749 1
4208 1
36657 1
5201 1
7571 1
4652 2
7607 2
49113 1
19844 1
30324 1
9571 1
9099 1
5514 2
36333 1
16296 1
6737 1
37134 1
6744 2
17017 1
5783 1
6402 1
16675 1
7172 1
2113 6
5189 4
1864 14
14940 2
4667 2
4144 3
4908 1
15181 1
4701 1
46207 1
25454 1
9806 1
30559 1
8464 1
3461 2
9563 1
8806 1
12636 1
2363 7
18505 2
5967 2
16240 1
3199 2
3942 3
24695 1
4149 3
8579 3
13586 1
3313 2
5407 3
1648 5
15741 1
5393 2
15712 1
5439 1
13467 1
3194 5
5453 2
3211 2
3201 3
8376 1
5713 1
2602 10
12875 1
17093 1
4715 3
4067 3
7705 1
8041 3
18314 1
56484 1
5119 2
16721 1
4181 2
10264 2
4536 1
5895 2
5454 1
16712 1
6439 2
37966 1
30711 1
3546 1
8665 1
6104 2
2197 7
22950 1
126922 1
2404 5
38758 1
80421 1
8510 1
28972 1
2141 11
8462 1
9614 2
2282 5
1979 16
2228 12
16505 1
6357 1
15886 1
9894 2
6191 2
6675 1
48181 1
4684 4
5131 1
9141 1
6132 3
3423 3
24176 1
3630 2
49995 1
2885 6
7658 1
28411 1
7146 1
48652 1
7560 1
6688 2
16961 1
2099 9
12372 1
17740 1
9235 1
29988 1
44514 1
3008 6
3031 2
18271 1
8578 1
29512 1
8966 1
8526 1
39345 1
2569 5
23322 1
3145 2
13418 1
3908 2
16137 1
36683 1
5736 1
16611 1
6028 1
10076 2
20349 1
8673 1
16019 1
3314 6
86326 1
14604 1
4331 2
3406 2
7324 2
2677 6
9025 1
3599 6
4571 3
14844 1
7882 3
9505 1
1801 7
2890 5
5367 1
3611 1
24364 1
3818 1
4543 2
14816 1
7189 1
8226 1
5818 1
5475 1
3994 3
6458 2
19282 1
9009 1
3411 4
6293 1
5380 1
10174 1
16053 1
26533 1
5780 1
14402 1
4129 5
57880 1
16374 1
13327 1
23807 1
3054 3
6333 1
5477 2
15750 1
14586 1
35339 1
18911 1
20236 1
8750 2
8184 2
18705 1
49524 1
37007 1
6683 2
29746 1
5291 3
17945 1
7672 1
9059 1
6754 2
5364 2
6277 2
5607 2
4201 2
6386 2
16659 1
5992 3
68044 1
26538 1
6794 2
4360 5
25984 1
5231 3
28305 1
3258 4
6485 1
18924 2
3135 4
6664 1
3665 7
14172 1
14442 1
8882 1
8676 1
3482 1
48025 1
6519 2
4371 3
4903 2
9566 1
13989 1
3716 4
7267 2
3582 2
8789 1
7428 1
6218 3
5215 4
2179 6
12452 1
2233 7
7523 1
5807 1
47313 1
16494 1
3393 4
4557 2
8332 2
6155 3
3769 5
69551 1
7292 1
3318 6
9257 1
19530 1
13830 1
3557 2
2269 5
3924 3
5106 2
2952 5
3561 1
2419 5
14462 2
4189 1
4213 3
5069 1
4000 3
3940 3
23704 1
2951 4
5344 4
4043 1
6385 2
8739 1
45181 1
3675 3
4798 2
19407 1
3927 5
24680 1
4509 4
15805 1
5532 1
89306 1
6294 2
2177 4
7308 1
4795 1
5015 1
2540 4
18999 1
8726 1
7160 1
3506 1
5458 1
8010 2
5196 3
6494 2
3126 6
45179 1
3673 4
18845 1
5531 2
5399 2
15672 1
5880 2
2742 4
23495 1
3338 2
6196 2
6579 1
8704 2
15878 1
3759 4
17624 1
7351 2
6227 2
5220 1
2793 7
8202 1
4893 3
7245 1
52672 1
1307 15
2686 4
28300 1
3090 3
2240 4
2777 3
15575 1
4850 2
4162 3
8272 1
23949 1
3196 3
5849 2
26602 1
6056 1
16869 1
5639 2
3804 2
2922 5
7636 1
17909 1
4007 4
7277 1
4545 3
6158 1
14702 1
4429 2
1745 11
22498 1
1952 9
5471 3
9697 1
7664 1
4023 2
24776 1
24983 1
4230 3
8351 1
5706 2
13107 1
33860 1
8637 1
3179 4
6781 1
4361 5
9211 1
6115 1
19393 1
2857 5
8201 2
17207 1
5804 1
3544 1
2434 10
8181 2
5025 3
4427 2
15755 1
9082 1
6878 1
3321 3
4365 3
2993 3
6344 1
1262 26
42768 1
19652 1
29925 1
64328 1
2069 8
4376 2
4169 3
24922 1
8500 2
3316 6
9055 1
4763 2
3776 2
8493 1
13914 1
3641 2
4703 5
2961 1
6997 2
1863 8
1804 14
18961 1
5566 2
8187 1
4577 1
4289 2
4592 2
7650 1
6726 2
5322 1
6595 1
8064 1
2542 9
9290 1
3149 8
23902 1
3356 2
6180 1
2519 4
18185 1
7912 1
3136 3
3374 3
6033 2
8850 1
5095 2
7332 1
4251 2
4955 1
2794 5
13067 1
46843 1
5337 2
15610 1
17028 1
5663 1
24325 1
3572 2
3669 5
5487 3
14693 1
3752 3
6050 1
7206 2
9221 1
5698 1
38669 1
5528 2
4220 3
8023 2
9047 1
9588 1
3634 2
4395 1
8720 1
18386 1
5725 2
26478 1
3222 2
3576 2
5673 1
7346 1
7676 1
2729 5
28018 1
7265 2
38940 1
8121 1
6941 1
23624 1
2871 6
2219 10
4572 1
3073 5
14607 1
4334 1
30326 1
4874 3
18541 1
8268 1
5203 1
23215 1
2462 8
43968 1
2876 6
10177 1
3497 2
24250 1
3704 2
7268 2
2424 4
2594 5
30500 1
13075 1
2802 5
7032 2
18235 1
4132 2
4832 1
5139 2
3868 2
3790 2
7414 1
5163 2
78174 1
15915 1
67901 1
5642 1
23562 1
2809 7
3245 2
20380 1
8976 1
13678 1
3405 6
10253 1
16120 2
5847 1
8409 1
3798 3
56624 1
5259 2
15679 1
5406 1
2851 7
3928 2
4869 2
6950 1
4463 2
2937 1
5853 1
11663 1
1390 16
7312 1
6651 2
4564 4
4050 1
8284 2
5585 4
15982 1
3023 7
26713 1
16440 1
6167 2
5386 2
19547 1
18353 2
8080 2
16568 1
6295 1
5509 2
5182 1
7331 2
19193 1
6824 1
4698 1
6838 3
4674 2
16778 2
6505 1
13868 1
3595 3
8770 3
6641 1
7983 2
9451 1
6915 2
7709 1
16715 1
6442 1
6467 1
8797 1
38353 1
15957 1
15170 1
71767 1
9508 1
119413 1
15648 1
5375 1
5665 1
7862 1
4306 2
130615 1
6097 2
6970 2
4838 1
17685 1
8959 1
5523 1
49951 1
8445 1
15184 1
4911 2
4555 4
9411 1
9111 1
29750 1
9204 1
2748 7
8841 1
9695 1
8498 1
30385 1
6436 2
8732 1
46396 1
4890 1
19189 1
6504 1
27257 1
6711 1
6599 1
16872 1
4253 2
45312 1
3806 3
9975 1
8176 1
4104 5
3189 3
3685 2
7383 1
8353 1
6834 1
5262 1
4503 1
4172 2
18560 1
4786 2
56151 1
7696 2
5900 1
24548 1
3795 1
8151 1
4822 2
15095 1
8361 1
2536 11
1668 8
4464 2
2539 3
5158 1
7848 1
18121 1
10051 1
2749 5
8880 1
3593 5
4707 2
9878 2
20151 1
61017 1
19511 1
9238 1
4421 1
5093 4
1716 11
11989 1
2693 6
35372 1
3366 2
2590 3
5075 1
3251 5
5764 4
3037 4
13120 1
9926 1
2509 3
26983 1
6230 2
4012 4
7382 1
2837 4
5478 1
4474 1
4778 3
6484 2
4404 6
14677 2
3000 5
7003 2
2361 3
5922 2
2533 5
8639 1
8537 2
3523 4
13796 1
23876 1
3123 5
3730 2
3861 3
24614 1
9509 1
2110 10
9288 1
5904 1
3453 5
16945 1
10127 1
5882 2
8830 2
9334 1
14853 1
4580 2
18944 1
4483 2
4276 2
25029 1
2183 7
35349 1
14596 1
8539 1
6502 1
14394 1
4121 1
4920 2
13984 1
3711 3
4238 1
3876 1
15589 1
3753 3
13838 1
3565 4
3678 2
6618 1
38756 1
78480 1
6569 1
4124 3
19308 1
19971 1
17252 1
6503 1
8518 1
18168 1
10004 1
19759 1
3478 4
3958 2
4408 2
37638 1
16885 1
6612 1
6228 1
68487 1
7561 1
28314 1
3064 3
5116 5
47714 1
6208 1
6558 2
5889 1
26642 1
1447 12
7832 1
28585 1
8039 2
48832 1
8788 1
6936 2
48235 1
6729 2
27482 1
20407 1
2347 5
2587 10
4859 1
3969 1
18898 1
9398 1
27354 1
5330 1
4008 6
2547 4
9439 1
7893 1
5076 1
5175 4
7818 1
13776 1
3503 3
5843 1
7594 2
14168 1
3895 2
14396 1
16635 1
16403 1
17579 1
7487 5
8911 1
5019 2
16666 1
8248 1
49340 1
9499 1
2511 5
50005 1
8499 1
4467 3
18431 1
40913 1
9005 1
5315 1
5996 2
56827 1
15321 1
5048 2
5572 1
5268 2
4027 3
14420 1
4761 3
18621 1
8348 1
4757 2
18447 1
28927 1
8174 1
8566 2
3365 5
9122 1
7784 1
7836 2
1847 11
4056 2
6243 2
2622 4
3409 3
44915 1
6540 2
48046 1
6954 1
4671 4
2658 5
14696 1
4423 2
3434 6
5511 1
26914 1
27180 1
6427 1
5476 2
15749 1
3458 1
5314 1
13288 1
3015 4
1725 13
4670 1
3530 2
5711 1
2298 10
3954 2
16533 1
4900 1
1550 16
11823 1
1652 11
1878 12
9582 1
7455 1
28208 1
7662 1
5676 1
4935 1
15208 1
6642 2
5250 2
3744 3
9307 1
6872 2
27554 1
6801 1
2489 5
4028 1
4837 2
26845 1
6299 1
30085 1
18388 1
16285 1
4019 2
14292 2
4250 3
8560 2
18833 1
9952 1
5829 2
17384 1
38137 1
10087 1
23919 1
3166 2
16139 1
4847 1
4410 4
9948 1
2525 8
13211 1
2153 6
2537 5
71076 1
8817 2
5835 1
5267 2
5545 1
6871 2
8359 4
18923 1
4190 2
6547 2
10141 1
4927 2
13662 1
3389 1
1479 8
68254 1
5995 1
14569 1
38384 1
17631 1
7358 1
3417 3
17823 1
8635 1
6190 3
4517 3
16655 1
5710 2
4355 1
4351 4
4728 1
8343 1
8807 1
26805 1
6052 1
9965 1
7503 1
26577 1
3549 1
17199 1
6926 1
4951 1
4081 3
5101 1
6074 1
29695 1
4338 1
6414 3
1629 10
15799 1
5526 2
8401 1
3191 2
7227 1
5032 1
20345 1
6874 2
5765 1
5941 2
5396 1
8040 1
4528 3
14801 1
4486 3
4076 5
29863 1
9110 1
4259 2
8405 1
4231 2
15230 1
25710 1
4957 1
7793 2
2667 5
5761 1
16034 1
5965 2
8261 1
10231 2
5442 1
2304 5
1585 15
5210 1
4240 1
47261 1
5755 1
2657 6
2598 6
5152 3
15425 1
3355 3
3327 3
3873 5
15579 1
9127 2
2761 1
8965 2
4947 2
28873 1
1922 8
5249 1
9087 1
3235 1
7006 2
7338 1
2461 5
26953 1
6200 3
2316 6
7287 1
2670 4
15085 1
50529 1
9023 1
2345 5
4995 3
44422 1
2916 5
2428 7
2106 12
5165 3
4245 2
7847 1
6769 1
27286 1
6533 1
2381 9
2924 5
4215 3
16545 1
6732 1
3777 3
3540 4
3782 5
4381 3
35407 1
14654 1
3001 2
2845 6
3681 2
3173 1
27517 1
6764 3
1802 11
7401 1
18888 1
3359 7
7421 1
2688 4
3560 2
13833 1
6079 2
10119 1
2205 3
2116 10
3396 2
23054 1
2301 6
2358 6
4020 4
7282 1
4984 4
2210 6
2328 4
8007 2
17119 1
6846 1
76121 1
13862 2
3589 5
4223 2
15097 1
4824 1
3442 3
18778 1
16836 1
67621 1
5362 1
8210 1
5021 4
7919 2
16787 1
5569 2
5667 1
3515 2
15620 1
6320 1
14090 1
7717 1
17038 1
6765 1
7397 2
28150 1
6852 1
8700 1
6786 1
5395 2
27430 1
6677 1
6842 1
7729 2
2933 7
4685 1
18438 1
6032 3
14219 1
3190 3
7135 2
6731 1
27484 1
6938 1
8691 1
6746 1
4932 2
35800 1
8400 1
37217 1
14866 1
4593 3
3399 4
6241 1
2750 1
4051 1
5148 1
37533 1
6714 1
2621 5
7009 2
9101 2
9735 1
20018 1
6006 1
4111 1
4224 1
4364 3
6461 1
7808 1
25178 1
4425 1
30425 1
8940 1
8049 1
2053 6
25001 1
4248 1
6469 2
29148 1
9434 1
9805 1
24992 1
4239 3
9164 1
4033 1
2776 3
23529 1
2983 3
14558 1
2504 5
12777 1
7701 2
44576 1
3070 3
5018 4
4176 2
6580 1
4203 3
3036 7
4105 2
6387 1
7103 1
4743 2
6712 1
1756 10
3477 4
3633 4
4350 2
6258 1
127330 1
2812 6
27204 1
6451 2
4377 3
35403 1
14650 1
3654 6
23792 1
3039 5
2921 4
3009 7
13282 1
1989 9
24728 1
3975 2
18470 1
8197 1
6170 1
6421 2
4507 1
9412 1
3454 1
24965 1
4212 2
4910 1
4373 1
8738 1
6652 1
7653 1
6951 1
3573 2
2562 6
3959 5
5527 2
9624 1
3265 2
24018 1
3472 3
3457 3
3866 3
2021 6
10258 2
17339 1
4852 1
5223 4
7010 1
3155 2
5191 1
3427 5
9361 1
8508 1
17730 1
28210 1
7457 1
17971 1
13891 1
19251 1
5470 1
5429 1
15702 1
16070 1
26550 1
5797 1
27157 1
6404 1
1806 6
5669 2
2136 7
14967 2
4694 2
5292 3
8059 1
9750 2
3324 5
6453 1
5100 2
3038 3
9318 3
36230 1
5411 2
15684 1
2274 5
1490 12
6705 1
9305 1
4282 3
6331 1
8949 1
6684 2
9459 1
149950 1
4679 4
4790 2
7704 1
6780 1
6952 1
4403 2
4173 5
24926 1
69888 1
7629 1
4669 2
8701 1
2448 6
12721 1
5030 1
13100 1
2827 1
9146 1
2234 5
3033 4
6153 1
8100 2
5952 1
5672 1
3672 1
24425 1
14152 1
4745 2
5098 3
4836 3
25382 1
2559 4
4768 1
6816 1
6813 1
5063 2
4722 2
68798 1
6539 1
8108 1
8975 1
6003 1
15875 1
5578 1
5398 3
14854 1
4581 1
3750 1
6388 1
4183 2
6795 1
8070 2
17847 1
3867 1
8225 1
4622 2
4457 2
14871 1
2606 7
6352 1
26691 1
5938 1
8046 1
4069 3
3981 3
29714 1
9168 1
4541 2
2245 9
70471 1
8212 1
8638 1
29391 1
7131 1
27677 1
20141 1
17481 1
9364 1
7909 2
9179 1
8415 1
15501 1
5228 2
5227 1
17388 1
7521 1
5957 2
89297 1
6285 1
6536 2
8862 2
9683 1
20088 1
3805 4
6000 5
20273 1
4924 3
5637 1
9311 1
7059 1
2826 2
6447 2
5354 2
3628 6
7694 1
3860 4
3979 4
24659 1
3906 3
5693 2
3200 1
4949 2
25702 1
4178 1
5083 2
5704 1
10052 1
30805 1
14480 1
3723 3
6156 1
2370 4
2765 7
4186 3
4776 1
7354 1
5385 2
7835 1
2764 2
29029 1
2580 4
3284 2
13557 1
43536 1
2030 8
2454 4
3256 4
8692 1
4526 2
3364 2
5560 1
7773 1
46246 1
4740 2
17814 1
4783 1
3105 3
8022 2
5947 2
4402 1
8777 1
7951 1
2513 6
3150 3
4062 2
17548 1
7275 1
8188 1
6521 1
6094 1
9574 1
8964 1
5943 2
6247 1
6620 1
16893 1
3147 2
72227 1
9968 1
4388 1
2751 6
9467 1
4608 2
9384 2
4872 2
2880 6
9791 1
2257 4
13016 1
8810 1
2634 3
6832 1
3430 3
2047 7
3441 2
9173 1
4411 2
2854 3
4225 1
25640 2
4887 1
3377 3
7708 1
9441 1
3157 3
5781 1
8514 1
7997 1
5918 1
5036 1
4271 1
1579 13
11852 1
19512 1
12572 1
2299 4
8606 2
9586 2
3683 3
4801 1
6606 1
5577 1
28813 1
8060 1
4159 1
25096 1
4343 1
4823 3
2757 2
5160 2
19206 1
8933 1
2824 6
16590 1
6419 1
5757 3
5011 4
2146 4
4864 1
19157 1
8884 1
7504 1
28257 1
6249 2
26126 1
5373 1
16328 1
6055 1
5222 1
17098 1
2796 3
8004 1
2683 3
3154 3
1663 7
5881 2
5430 3
5770 1
2801 2
4073 1
3726 3
19702 1
29469 1
8716 1
2247 7
10140 1
10202 2
4807 1
10091 2
10196 1
16870 1
4082 3
3713 3
6420 1
7225 1
4730 1
2506 5
2380 5
4476 1
4171 2
5350 1
6371 1
2517 5
8383 2
6576 3
30428 1
4228 1
8279 1
18113 1
10062 2
9135 1
9731 1
17455 1
24320 1
3567 4
15503 1
10038 1
8590 2
4500 1
5510 1
17464 1
72304 1
10045 1
7786 1
4078 2
9967 1
9335 1
7887 1
8300 2
3433 2
3653 6
4209 3
17941 1
9397 3
3826 2
7856 1
106927 1
3162 4
7588 2
4473 1
5516 1
6432 1
29548 1
8795 1
6496 3
3822 2
6316 1
4907 3
5969 1
5741 2
7228 1
15424 1
5151 1
8887 1
27265 1
7108 1
6782 1
9599 1
9531 1
4633 2
4885 2
24638 1
3885 1
1957 7
3058 5
6100 1
5973 3
9028 1
7764 1
7388 2
86067 1
3055 4
7200 1
5141 2
25894 1
5348 1
9013 2
20544 1
5705 3
12775 1
2502 2
3329 1
6493 1
6304 2
6797 3
4906 1
3074 2
3903 3
2287 4
9612 1
15322 1
6087 1
41007 1
4978 4
4112 1
24865 1
17422 1
9714 1
5779 2
5763 2
8766 1
8686 1
3444 3
8813 1
9027 1
9170 1
8193 1
4531 2
5793 3
5184 2
19912 1
8954 1
6138 1
16411 1
2552 4
8854 1
7392 2
29830 1
9077 2
5272 2
23666 1
2913 4
5855 1
7129 1
3596 6
7478 1
3048 2
2718 5
2147 10
12420 1
3502 2
8565 1
5166 1
5114 2
4518 1
7461 1
8118 1
2745 7
5651 1
5112 1
29192 1
45507 1
4001 3
3824 2
6282 1
16951 1
6678 1
4177 2
6334 3
144305 1
61293 1
19787 1
9514 1
8457 1
4101 2
3049 2
30159 1
9406 1
15515 1
6212 1
8367 1
4997 1
4913 1
15186 1
9593 1
13806 1
3533 1
9336 1
5234 1
3227 6
7638 1
71885 1
9626 1
45641 1
4135 1
3865 1
7133 1
6330 1
9031 1
8342 1
3663 1
7566 2
6431 2
5916 2
28514 1
7761 2
4204 2
5529 2
24524 1
3771 2
3272 5
4856 3
9680 1
6053 1
7811 2
6927 1
4202 3
9376 1
9546 1
2292 3
7596 1
5162 2
3381 2
7976 1
3416 6
7845 1
9065 1
17750 1
4727 2
4151 2
8414 1
29167 1
6602 1
9228 1
26019 1
5266 1
4389 2
5433 1
9510 1
8731 1
6237 1
8146 1
2819 2
3059 4
3504 2
4718 2
6217 1
6160 1
6930 1
5776 1
8206 1
6298 1
13424 1
29993 1
9787 1
2877 6
18862 1
13111 1
2838 2
7323 2
3815 4
5412 2
7514 2
9029 1
5053 1
6894 1
46708 1
5202 2
8782 1
2628 5
6841 1
4406 2
4774 2
5455 1
1826 8
6470 3
9362 1
3547 1
6790 2
6193 1
5936 2
6507 1
8280 1
2593 1
3614 1
2329 9
4646 2
3342 3
3921 3
3689 3
7031 1
5286 1
5848 2
16121 1
6571 1
9222 2
9591 1
9849 1
19431 1
4803 2
9933 1
16723 1
15678 1
3390 1
8711 1
7361 1
28130 1
18610 1
7002 1
9774 1
8326 1
8117 1
4035 2
3870 1
5339 2
5990 1
16739 1
5205 1
9544 1
6020 1
8943 1
7648 2
7057 1
8013 1
14582 1
4309 2
5363 1
9329 1
9930 1
5358 1
6717 1
4741 2
8660 1
7864 2
3841 4
4714 2
15489 1
3213 2
6655 2
6734 1
8482 1
3543 1
5638 1
4721 2
4263 1
7313 2
7857 1
6666 1
49641 1
8135 1
6783 1
4904 1
4232 1
18169 1
7896 2
27118 1
6365 1
4735 1
4426 3
5868 2
4280 2
6238 1
4599 2
10053 2
7871 1
5809 2
2811 5
4495 4
3290 2
18759 1
7408 1
5700 1
10198 1
4624 1
8722 1
3475 2
4765 3
5135 3
8723 1
7363 1
3652 4
1829 7
5121 1
5357 1
4317 1
34004 1
18409 1
2935 3
9898 1
18539 1
19426 1
3962 3
7849 1
7815 1
4971 1
2143 9
5745 1
9995 1
9978 1
7416 1
27579 1
6826 1
5253 1
2447 7
6532 2
9372 1
19705 1
3793 2
9587 1
7613 1
4532 1
14805 1
5027 1
7910 1
3236 5
8730 2
7128 1
5902 1
3591 4
4696 2
8027 1
3361 2
8609 1
4378 2
7860 1
23701 1
2948 3
5045 2
17630 1
8278 1
4804 1
7771 1
5147 1
16131 1
3299 4
3997 2
6147 1
3612 3
7608 1
5771 2
6905 1
8533 1
4631 1
26065 1
5312 1
15824 1
5000 3
18589 1
14963 1
8065 1
5609 1
2908 3
16833 1
44735 1
3229 1
2869 4
6176 1
2687 4
4734 2
28062 1
7309 1
9901 1
8684 1
5854 1
9829 1
7447 1
29090 1
10220 1
8996 1
3280 1
3336 3
9352 1
4085 2
5456 1
5195 1
6251 1
24232 1
3479 2
4498 3
4749 2
4831 2
5145 3
3276 1
6662 1
7158 1
14289 1
4016 1
6452 1
7986 2
8372 2
2701 5
9914 1
3184 3
5535 2
3862 4
29810 1
9057 1
4055 2
3302 3
7712 1
24338 1
3585 2
3002 3
3301 2
3834 3
6289 1
6656 1
2873 3
5988 1
6245 1
5067 1
6113 2
6987 1
3747 4
6822 1
26178 1
5425 1
4249 1
7728 1
1893 5
90485 1
7473 1
2017 9
7418 1
2273 3
6018 1
88735 1
5723 1
5415 1
17140 1
26575 1
5822 2
9136 1
8689 1
18753 1
5012 1
6566 1
4126 2
6302 1
8906 1
24433 1
3680 2
24148 1
3395 2
3380 2
13653 1
7207 2
4705 1
8929 1
25357 1
4604 1
9072 2
5878 1
4621 2
3262 3
5244 1
2723 6
8710 1
3312 4
2887 4
8218 1
6568 1
6347 2
1855 10
5173 2
3751 1
2694 3
26441 1
5688 2
6862 1
7080 1
5157 2
7304 1
17852 1
7054 1
6340 1
16048 1
3103 4
6083 1
7179 1
7597 1
6725 1
4515 3
5901 1
3586 1
9715 1
15657 1
9282 1
17341 1
16393 1
6120 2
6698 2
5003 1
18125 1
3514 3
25500 1
4747 1
4024 1
3520 3
6803 1
5219 1
6441 2
5342 1
7436 1
4875 2
7553 2
14908 1
8627 1
5611 1
9365 1
3891 1
3850 1
3083 3
2226 4
6150 1
4975 1
5562 2
8308 1
10117 1
7790 1
8148 1
3535 2
4620 1
8076 1
5626 1
6517 1
3384 3
4471 1
8896 1
5674 1
3829 3
5656 1
8254 1
7665 1
3030 4
6757 1
27506 1
6753 2
7623 1
6009 1
7824 1
6588 2
4915 2
3833 1
4401 1
4744 2
8877 1
3679 2
24414 1
3661 1
23881 1
3128 1
86293 1
3281 2
3839 1
24847 1
4094 2
1984 9
4644 1
30439 1
9686 2
6198 1
9322 1
6166 2
4929 1
4262 4
8363 1
4379 1
4977 1
10157 1
5856 1
4806 2
6538 1
67150 1
4891 1
3934 2
4594 1
3843 1
7625 1
4982 2
7321 1
4015 4
9022 1
9410 1
9490 1
6901 1
13071 1
2798 2
3343 4
2875 2
3257 3
6373 1
5107 2
5839 1
2333 3
3230 1
6916 1
2991 3
4712 1
25465 1
49206 1
7700 1
4037 1
5492 1
8948 2
6164 2
9015 1
18140 1
7654 1
5630 1
3919 4
50902 1
9396 1
8355 1
5319 1
2906 2
5311 1
6853 1
5777 1
2818 2
9084 2
7735 1
4304 1
8937 2
9917 1
3635 2
7863 1
3432 3
9314 1
9151 1
5503 1
6342 1
9169 1
6025 1
5517 1
7193 1
5534 2
5599 1
5909 2
7936 1
8652 2
6143 1
4096 1
4953 1
7053 1
3745 2
3656 1
14229 1
6490 1
3578 2
3882 2
40709 1
7869 1
4131 1
5110 1
4454 1
7817 2
17319 1
10103 1
5553 1
7886 2
4005 1
3742 2
5436 1
4888 3
2497 4
3480 3
4163 1
26877 1
6124 1
6541 2
9339 1
4040 2
6042 1
4516 2
3787 2
6679 1
9685 2
3915 5
9577 1
4687 1
10086 1
3391 3
9417 1
8620 1
8397 1
4303 1
6390 1
3939 2
4845 3
3137 3
24253 1
3500 1
9553 1
2806 2
2618 4
27863 1
7110 1
9684 1
4307 1
6758 1
3677 2
7356 1
6438 1
6756 2
5378 3
4607 3
3842 2
6223 1
9213 1
4324 1
9665 1
4433 1
9416 1
2359 4
6391 2
8791 1
25265 1
4512 2
3955 2
2207 6
6638 2
23727 1
2974 5
4791 1
2291 3
8546 1
7726 1
7190 1
8171 1
30522 1
9769 1
7311 1
8222 1
9658 1
10235 1
5692 1
27120 1
6367 1
6676 1
7730 1
8547 1
3855 1
2852 4
6134 1
4090 2
6614 1
6809 1
3943 2
4489 1
6378 1
3339 3
3223 1
8066 1
3315 1
8792 1
4198 1
5491 2
5898 1
5043 1
7259 1
5240 1
10138 1
7791 1
4083 1
6523 1
6061 1
5310 1
8159 1
4930 1
7732 1
