1977 1
4815 1
3854 1
1644 1
1883 1
1642 1
2086 1
2099 1
2263 1
1634 1
1472 1
2408 1
1760 1
2943 1
1833 1
2531 1
3852 1
2442 1
2288 1
1216 2
2018 1
1451 1
1709 1
2871 1
1140 2
1845 1
968 2
1815 2
1412 1
1544 1
3341 1
1556 1
1843 1
1592 2
1324 1
2053 1
1553 1
2085 1
2499 1
3245 1
972 5
2199 1
965 2
3556 1
1599 1
1904 1
1129 1
2048 1
1468 4
3576 1
2331 1
2613 1
2203 1
1800 1
2532 1
1573 2
1741 1
2146 1
1204 4
1678 1
2276 1
2361 1
1601 1
2367 1
1778 1
3641 1
2225 2
1192 1
3740 1
3154 1
3183 1
1503 1
2515 1
1344 2
2341 1
3927 1
1256 3
2156 1
4271 1
1278 2
2580 1
2404 1
1403 1
2955 1
4871 1
2602 1
2919 1
2037 1
4717 1
3653 2
1314 2
3648 1
1440 1
1787 1
3498 1
3260 1
1127 1
1210 2
2847 1
3050 1
1467 1
2266 1
1142 3
2460 1
1978 3
3513 1
1372 2
2482 1
1886 1
3338 1
1220 4
3221 1
2049 1
941 8
1158 4
3254 1
3432 1
1509 1
2330 2
2546 2
1284 4
2270 1
1498 1
2575 1
1672 2
1651 2
1519 1
1838 1
4488 1
2017 1
1235 4
2315 1
1363 1
4430 1
2302 1
3274 1
1510 1
442 19
1150 3
3323 1
2021 1
1008 3
1062 1
2224 1
2792 1
2439 1
1335 2
4234 1
1276 1
3241 1
2607 1
3102 1
2866 2
3788 1
2584 1
2863 1
989 3
1197 2
3203 1
2088 1
1591 3
3550 1
2498 1
1386 2
1659 1
2705 1
2406 1
1502 2
2981 1
1537 1
4475 1
2232 1
1540 2
2128 1
2068 1
2621 1
2731 1
1229 3
3093 1
2974 1
2778 1
1773 2
2815 1
2149 1
3067 1
5025 1
2805 1
1733 1
1020 5
4209 1
2041 1
4789 1
1943 1
2525 1
2102 2
1089 3
2718 1
1177 2
1790 2
2423 1
4323 1
1499 2
2215 1
1195 5
2248 1
2448 1
1333 3
3156 1
3359 1
3732 1
6848 1
7676 1
3153 1
4164 1
3437 1
1285 4
4563 1
1768 1
3922 1
3845 1
2552 1
3776 1
4975 1
3441 1
2379 1
1417 1
4116 1
2616 1
2591 2
1385 4
2105 1
1998 2
1878 3
1565 2
3280 1
1138 2
4882 1
1381 2
2617 1
1939 1
2961 1
1940 1
2738 1
808 4
3218 1
1880 1
2190 1
913 8
1476 1
4299 1
4575 1
1615 1
2425 1
3176 1
1309 2
1442 1
3752 1
3051 1
2760 1
4381 1
1162 2
1614 1
2328 1
2383 1
3227 1
3428 1
370 44
3114 1
2669 2
2939 1
2333 1
1484 3
2274 1
1934 1
1160 4
3299 1
1527 1
2233 1
4313 1
794 9
1747 2
2736 1
1139 3
2554 2
1819 1
2147 4
1249 3
7875 1
2339 3
7980 1
7917 1
1662 2
3633 1
2527 1
1975 1
1638 2
1506 1
1295 2
6382 1
3957 1
2651 1
2880 1
1584 3
9361 1
8505 1
8504 1
8506 1
8581 1
2709 1
7796 1
7675 1
7323 1
1038 6
2023 1
6403 1
3302 1
2534 1
1869 1
5082 1
3599 1
1885 2
2218 1
3715 1
1410 3
1625 4
2440 1
7018 1
2740 1
1646 1
2988 1
1566 2
1373 2
1233 3
1376 1
1392 2
4005 1
5000 2
1963 1
1713 1
2325 1
2035 1
4825 1
4962 1
1858 3
1703 3
1300 3
1126 1
4548 1
1134 4
1677 3
2287 1
1990 1
2292 1
1409 3
4324 1
2806 1
3540 1
3828 1
3134 1
1825 2
4359 1
3181 1
3213 1
3552 1
2399 1
5060 1
2785 1
1723 2
1889 1
1971 1
1529 3
2971 1
2620 1
2257 1
912 5
3372 1
4008 1
2132 2
3722 1
4583 1
2137 2
1053 5
2773 2
1533 2
3010 2
2746 1
1236 2
1727 4
2883 2
1406 1
8518 1
3431 1
3184 1
2496 1
992 7
1746 1
1514 1
2160 3
4073 1
6542 1
1455 2
2882 1
1219 2
1168 4
1169 5
962 4
3070 1
3567 1
2166 1
3324 1
2558 1
3960 1
1623 1
4021 1
3631 1
5064 1
2370 1
951 6
4924 1
3429 1
1346 2
4937 1
3829 1
3119 1
2479 1
1032 4
3451 1
1786 1
2494 1
3276 2
1085 9
2585 1
845 10
1448 2
2120 3
2205 1
2335 1
4983 2
2282 2
2768 1
4203 1
714 10
2307 1
2226 3
2071 3
1690 2
3369 1
696 6
1478 1
1258 3
2197 1
13406 1
4729 1
1123 3
2887 1
5021 1
1656 1
2683 1
2484 2
1745 2
1473 1
2992 1
2424 1
3526 1
2336 3
3558 1
2872 1
4987 1
3592 1
9829 1
2131 1
7781 1
2000 4
7425 1
1702 3
1291 6
950 5
1086 2
3537 1
4421 1
1270 4
980 5
4404 1
9141 1
1680 2
2774 1
4263 1
1113 5
690 11
3233 1
6361 1
2119 3
1818 2
1831 2
3516 2
4439 1
2097 3
6838 1
2500 1
5045 1
1379 5
1954 1
1548 1
6635 1
1585 1
6672 1
3080 1
3612 1
3045 1
1131 5
2615 1
1450 3
1628 3
4683 1
3974 1
3310 1
2322 3
4588 1
1559 2
1715 2
5028 1
7427 1
1832 1
3547 1
1994 1
934 8
717 7
3199 1
2026 1
1223 6
4834 1
1051 2
2038 2
4570 1
9036 1
2478 1
1006 1
4157 1
1688 2
1400 5
2608 1
2079 1
2892 1
2721 2
2400 1
2196 2
2910 1
3224 1
2814 2
1967 2
732 7
4066 1
10148 1
3064 1
3798 1
1927 3
2523 1
1632 1
6719 1
2327 1
1717 1
1655 1
1753 1
2807 2
1401 1
2332 3
3178 1
1631 2
920 8
3604 1
4473 1
4852 1
588 11
553 10
3275 1
1151 3
1212 3
2045 1
6101 1
1014 4
4961 1
1228 4
2044 1
4222 1
1348 6
1059 10
4855 1
2767 1
3445 1
2701 2
2660 1
1541 3
3054 1
8141 1
1588 1
4113 1
3408 1
2968 2
3979 1
468 21
2604 2
2422 2
1474 3
2195 1
2305 1
2121 5
1067 5
3353 1
2629 1
3841 1
1622 2
2566 2
2011 1
3410 1
801 10
2518 3
3192 1
1568 1
3365 1
2839 1
1299 4
2941 1
1671 1
1562 4
4994 1
4009 1
952 8
1890 1
2879 2
1428 3
7722 1
2897 1
402 43
2769 2
8443 1
4884 1
667 9
1898 1
977 9
1201 5
1820 2
6907 1
2798 2
2587 1
8551 1
3442 1
761 11
1694 2
1687 3
842 5
3967 1
3756 1
1564 1
6651 1
2253 2
3971 1
15060 1
2594 2
8176 1
3089 1
2921 2
1728 1
3471 1
1739 2
3043 1
1308 2
4172 1
4193 1
1288 3
2389 1
2165 3
2082 2
7910 1
1266 7
12325 1
1755 4
25233 1
2244 2
4534 1
2352 1
7439 1
2323 2
4981 1
4576 1
3469 1
8418 1
828 7
1828 1
6915 1
3490 1
1163 5
1948 2
45412 1
3515 1
44211 1
1581 3
2781 1
3483 1
2029 1
1248 3
7271 1
4620 1
1004 4
2845 1
2544 1
1953 1
1605 1
2314 1
4708 1
20031 1
1114 3
1172 3
6683 1
1596 2
4064 1
3906 1
7517 1
1771 2
1426 2
2510 1
2240 1
1320 5
2852 1
2403 2
4106 1
1665 3
16926 1
8904 1
4029 1
1170 1
4085 1
4212 1
947 11
1175 5
9450 1
3849 2
2645 1
1516 2
2618 1
7705 1
2856 2
2231 2
2508 2
5049 1
1814 1
1950 3
1407 2
2363 4
1870 2
9862 1
1148 3
3185 1
3766 1
8118 1
3782 2
1497 2
1612 1
1242 4
2793 1
1332 3
1675 3
2783 1
530 15
3645 1
1856 2
1331 1
2452 1
3071 1
1507 3
9507 1
8321 1
3234 1
3826 1
2172 1
9914 1
994 3
4122 1
4895 1
1884 2
1064 6
2711 2
959 4
733 10
1981 2
3856 1
4870 1
3207 2
8156 1
3069 1
2303 2
9301 1
9796 1
1793 1
2433 1
1174 3
11348 1
1339 4
1707 2
1383 2
3710 1
3753 1
2107 2
567 15
1246 3
2819 2
1857 2
1824 3
958 7
2181 2
1607 4
13795 1
2238 1
3814 1
1040 8
3194 1
8281 1
1624 1
6867 1
1776 2
1660 3
1231 2
2237 3
979 8
1398 3
1416 1
711 7
1563 1
1096 2
1424 1
6511 1
1611 4
10133 1
3670 1
2098 2
2393 2
24312 1
11134 1
960 2
1699 2
818 12
3544 1
3022 3
1465 1
2476 1
1770 3
1070 6
4485 1
14659 1
2599 1
1775 1
750 7
11713 1
1002 5
1245 5
1052 4
1860 3
6947 1
3514 2
1711 1
2087 1
2081 2
1483 1
939 11
3492 1
8579 1
2115 2
3099 2
3805 1
3680 1
8062 1
2975 2
2178 1
8697 1
1796 1
1120 5
1375 4
986 7
2158 1
7245 1
1414 2
948 9
864 9
865 8
5952 1
2619 1
595 12
1149 2
990 6
6939 1
1852 2
3012 1
4649 2
2920 1
1360 3
935 3
1118 4
1271 4
2715 2
10012 1
23703 1
3355 1
1391 3
28626 1
13451 1
3396 1
4655 1
2840 1
2417 3
3570 2
2779 2
2978 2
2775 1
817 15
2387 1
1260 4
2600 1
10813 1
639 10
903 3
954 7
710 7
3733 1
2623 1
2089 2
2922 1
3350 1
1960 2
1959 2
856 9
4137 2
996 9
2101 1
18510 1
1944 1
677 11
1018 6
4088 2
425 50
4988 1
5446 1
359 54
1769 2
1326 3
7634 1
890 7
2965 1
14781 1
1673 3
6760 1
5813 1
726 12
4375 1
4952 1
604 16
1356 7
1343 2
5488 1
401 42
2437 2
2889 1
3383 1
2611 1
635 17
5722 1
697 7
2512 1
9190 1
4103 1
5336 1
249 89
6605 1
1518 3
3487 1
7275 1
2188 4
3463 1
1526 2
1082 5
983 7
10131 1
480 27
911 7
2764 1
1547 2
9602 1
2005 4
2835 3
4932 1
975 3
2813 2
2402 3
2626 2
14144 1
6232 1
1145 7
7834 1
1389 3
1598 1
4741 2
1580 2
6667 1
1328 3
323 43
4336 1
3548 2
3787 1
6220 1
1133 4
2603 1
1211 5
9691 1
7399 1
2032 2
2346 1
17387 1
4143 1
3385 1
28820 1
1891 3
1587 5
1649 3
1441 4
2957 1
5836 1
749 5
4036 1
1421 2
1341 3
4725 1
2006 3
3078 1
985 5
3132 1
3956 1
902 7
3532 1
1716 2
11890 1
22064 1
1191 7
1013 3
2297 2
4386 1
1911 2
9007 1
2506 2
3345 1
3257 1
3917 1
1222 4
6309 1
3393 2
2962 2
6923 1
1836 4
7763 1
615 12
1764 2
1854 6
1024 9
633 17
1411 2
1731 1
522 21
1664 2
4339 2
1147 9
3021 1
1353 9
3564 1
1159 6
1888 1
3155 1
8242 1
2040 2
1434 2
2707 2
2956 2
2444 1
729 8
2153 2
2209 2
2867 1
3434 1
2462 1
2075 2
3943 1
1501 4
1186 5
4417 1
3136 1
7190 1
2103 2
2013 1
2208 1
2895 1
6612 1
1525 1
1225 4
4844 1
511 18
1964 2
1920 2
2064 2
4721 1
3095 1
4733 1
878 7
940 7
1705 3
4401 1
1104 6
326 57
3327 1
815 10
8193 1
4337 2
2553 1
1830 5
4478 1
9565 1
2022 2
7109 1
1305 1
2503 1
7435 1
13982 1
2973 1
1164 4
8369 1
1366 4
1511 3
4479 1
2228 2
2284 3
1021 6
30459 1
4854 1
15028 1
3044 1
1340 5
11408 1
1234 3
6618 1
1531 2
3388 1
803 10
3047 1
3217 1
946 5
4267 1
2204 1
14312 1
16874 1
6700 1
2909 3
2193 1
7280 1
13644 1
1485 2
758 17
2791 1
863 10
2491 1
1781 2
2896 1
540 17
978 6
4223 1
4605 2
1732 1
1071 9
583 14
800 4
5887 2
3288 1
2873 1
1253 3
6340 1
893 10
1252 5
2436 1
4777 1
1122 7
3891 2
1462 4
8143 1
739 9
1152 7
276 76
2227 2
2381 1
1321 5
2733 1
2256 2
2483 1
1620 2
6797 1
1710 4
1185 6
4235 2
974 6
3036 2
8123 1
13210 1
2070 1
6015 1
928 9
1273 3
2728 1
2135 1
1801 1
4003 1
3267 1
4581 1
3174 1
3663 1
4422 3
3688 1
3676 2
3944 2
9031 1
3243 2
3291 1
423 40
5510 2
3238 1
4249 1
6830 1
3478 2
3264 1
988 4
6075 1
4667 1
7709 1
519 20
5606 2
3557 1
3308 1
3603 1
3228 3
1364 3
3465 1
1859 1
12033 1
831 8
4238 1
2526 2
2148 1
12071 1
908 9
2934 1
3014 1
2560 2
3595 1
8717 1
1524 4
7803 1
1250 2
3777 1
24125 1
1682 2
390 40
1657 3
1861 3
1224 5
1012 5
4845 1
1347 1
1894 4
6184 2
1097 8
1322 4
1648 2
1487 2
2713 1
1724 3
8742 1
19358 1
626 19
8253 1
3166 2
501 20
392 43
39934 1
1427 4
26871 1
1378 7
2610 2
7697 1
936 13
1876 2
7944 1
3128 1
8215 1
2463 1
27752 1
11554 1
1380 9
802 9
4227 1
7434 1
1431 2
3460 1
3421 3
1244 3
1754 1
1809 2
11983 1
3322 1
1084 7
2054 1
6069 1
982 4
1377 5
1972 2
17834 1
2573 1
34144 1
1422 5
4389 1
2569 2
1630 1
4117 1
1561 2
526 23
4736 1
4076 1
1255 7
3140 1
2824 3
892 12
2829 1
3731 1
3407 1
3315 1
8402 1
3560 1
428 45
2685 3
2298 1
1523 2
886 8
2090 1
1459 4
4506 1
3908 1
2074 4
2130 1
17391 1
1490 4
1397 2
1443 4
1181 7
6268 1
5644 1
557 20
2300 2
646 11
1077 6
1903 3
544 30
927 11
229 128
2220 2
7307 1
4310 1
1560 4
1207 2
26642 1
39095 1
4175 1
11582 1
1408 1
31930 1
2007 1
12181 1
3472 1
1251 6
1844 1
6931 1
290 67
1941 2
1154 8
2827 1
1419 3
4179 1
8812 1
3287 2
1173 4
1582 1
3077 1
9542 1
930 2
559 20
1264 3
3565 1
30408 1
318 66
9538 1
4753 1
1842 3
1310 4
705 6
759 15
824 9
2913 1
1725 1
781 8
835 15
916 8
2848 1
2702 1
2794 2
2693 1
2989 1
2109 2
3161 1
796 4
2884 2
866 13
211 166
8038 1
2951 2
222 125
316 67
5252 1
165 294
373 34
2167 3
734 15
3091 1
768 13
233 107
2590 1
1875 1
17136 1
637 11
2994 3
5387 1
300 65
716 9
15159 1
5406 1
319 54
35928 1
5660 1
10747 1
573 14
610 21
96167 1
2428 1
7515 1
2801 2
1855 1
1482 3
26917 1
6569 1
9171 1
4084 1
640 14
3981 1
54851 1
1737 2
4094 1
2838 2
481 23
1369 4
1265 3
21613 1
2757 1
400 45
1471 1
6558 2
1515 3
34281 1
1283 5
34260 1
1262 5
405 47
680 12
7751 1
1908 1
429 23
788 18
764 7
1759 2
5737 1
650 18
153 264
421 52
9849 1
593 23
2642 2
285 81
424 60
1198 4
6285 1
18070 1
1571 1
8163 1
3449 1
69 1545
9497 1
18466 1
2398 1
7485 1
414 54
1757 3
8828 1
2822 3
465 30
829 11
2529 2
14314 1
172 195
5685 1
598 20
3084 1
779 7
1396 2
1010 5
21358 1
145 299
2502 1
287 73
1627 1
23213 1
1254 2
6341 1
11428 1
3984 1
9071 1
1033 3
3390 1
24339 1
110818 1
39 5108
2396 1
858 4
5645 1
558 19
95476 1
1196 2
161271 1
3352 1
632 13
2242 1
93808 1
13670 1
1965 2
832 5
3189 1
271 89
976 7
2993 1
636 16
1093 5
259 133
1325 2
6412 1
159022 1
1103 2
587 23
833 6
618 13
550014 1
450 31
718 13
264 89
443 30
14585 1
692 11
398 47
2382 1
7469 1
1669 2
2723 1
17984 1
874 9
6519 1
1432 1
3789 1
1239 2
11413 2
1985 4
471 29
305 78
2662 2
1136 4
26160 1
725 11
1834 3
1456 2
16717 1
218 129
5169 1
82 985
252281 1
4796 1
387 50
2744 2
280 88
1654 1
16915 1
416 56
9167 1
17357 1
2096 2
664 16
8427 1
3713 1
662 12
3825 1
13999 1
2214 2
228 131
1969 4
862 5
11036 1
830 12
5350 1
263 113
5690 1
603 17
2960 2
2750 3
49890 1
393 34
2799 2
4751 2
37 5542
1355 1
317 60
4892 1
10352 1
178 186
5771 1
684 11
12469 1
2375 1
37984 1
622 17
641 15
331 52
4759 1
101412 1
61 1958
2418 2
1042 3
8113 1
3399 1
9550 1
987 3
21335 1
2154 4
30438 1
931 11
118 447
14260 1
345 51
689 13
1798 2
713 10
279 98
111058 1
3467 1
1110 7
2187 2
884 10
12669 1
1342 3
6429 1
389 38
2455 1
98 666
4812 1
237 130
10660 1
486 21
31008 1
3864 1
743 5
1811 1
807 13
3164 1
672 17
107 568
565 14
5652 1
15080 1
938 4
482 29
346 68
3745 1
29180 1
896 6
728 11
1603 1
11777 1
2349 1
2254 1
7341 1
270 83
4984 2
813 11
3170 1
727 13
10901 1
1056 3
687 12
15110 1
5055 1
45751 1
693 18
314 69
14456 1
1043 8
3400 3
15062 1
14032 1
1993 1
37602 1
6961 1
1691 3
656 14
31178 1
5624 1
537 18
367 41
5454 1
740 9
3822 1
203 167
141 371
2513 1
7600 1
529 17
1692 3
3914 1
70045 1
967 5
258 125
12009 1
1835 1
4192 1
961 12
201 183
28535 1
5338 1
251 100
589 19
14731 1
1202 2
3186 2
8273 1
3314 2
957 9
2043 3
4326 1
24674 1
3461 1
28911 1
2091 2
9854 1
3259 1
125347 1
426 39
2772 1
415 57
1839 4
347 52
20695 1
4292 1
19553 1
5787 1
700 14
1351 1
31873 1
1232 7
1930 3
1557 2
6644 1
10370 1
196 171
2180 1
7267 1
12310 1
525 22
1072 7
1974 3
284 71
2677 1
5407 2
320 65
9331 1
7347 1
2260 2
242 123
748 12
2306 2
88 909
1361 4
3718 1
719 11
755 11
5842 2
1128 2
3485 1
4653 1
1923 2
7010 1
217 131
4931 1
6622 1
1535 3
244 125
2923 2
1572 5
6659 1
72790 1
133 395
2490 2
18729 2
19594 1
39942 1
2230 1
52 2611
1049 5
135 359
1119 5
51989 1
2492 1
1782 1
7328 1
257 127
1783 3
325 48
9753 1
2301 1
73519 1
4761 1
47 3350
2391 1
12565 1
16041 1
780 9
116811 1
1318 5
43744 1
265 75
810 6
121 457
1799 1
11973 1
188 182
883 5
15025 1
533 25
1449 2
11623 1
57406 1
838 9
1079 6
143515 1
2095 1
1722 1
6809 2
666 11
3554 1
227 126
1433 3
1060 2
6147 1
324 63
2681 2
18087 1
5430 1
343 54
3129 1
206609 1
5032 1
40641 1
572 16
1504 1
3268 1
83 1003
5494 1
407 46
3734 2
5667 1
580 15
906 6
25304 1
4091 1
4233 3
1102 13
3320 1
44764 1
4468 2
4799 1
85 1126
678 16
21891 1
1435 7
8034 1
2947 1
4190 1
136452 1
4460 2
1099 8
2473 2
12647 1
17734 1
1237 3
5161 1
74 1327
7145 1
80964 1
202 130
1311 4
157130 1
1026 5
365 40
71583 1
873 7
5171 1
84 1059
4182 1
855 8
198 158
3539 1
54409 1
2555 1
2485 1
128 468
792 9
3382 2
8469 1
4134 1
14308 1
1788 4
13255 1
4030 1
2445 1
4331482 1
396 42
101 618
1032762 1
6592 1
1505 3
1116 4
107943 1
3116 1
18377 1
523 21
6475 2
1388 3
21736 1
136 358
8416 1
1345 3
653 12
44768 1
14127 1
478 30
3620 1
127352 1
177 198
7248 1
1286 7
92 761
2449 1
2917 2
8004 1
933 7
3290 1
3568 1
292 66
2488 5
131 399
736 11
358 49
1313 1
6400 1
26748 1
821 18
660 11
1141 2
92707 1
3141 2
784 7
411 61
5498 2
2001 2
4358 1
296 72
7437 1
366 47
783 10
244486 1
310 63
54521 1
248 109
2605 2
1795 3
19539 1
5770 1
683 16
1921 1
17182 1
4745 2
1489655 1
2388 5
31 8000
2015 2
7102 1
309 67
4368 1
116355 1
40 4844
4754 1
7111 1
2397 1
5207 1
120 449
13092 1
1307 5
1617 2
508 32
627 13
31149 1
819 8
2057 1
17318 1
638 17
2995 1
2637 1
160334 1
2415 2
13325 1
17 25735
4731 1
448 22
15709 1
1567 2
183 177
2540 1
124 425
1545 1
37154 1
8870 1
3884 1
4396 1
68 1790
7139 1
4782 1
5114 1
27 10484
14169 1
1968 1
17229 1
730 8
18676 1
1130 8
21 17199
455 30
1144 3
1263 4
31785 1
2182 1
22530 1
1317 8
350 52
9778 1
1736 4
8985 1
1914 3
113 508
9541 1
186 266
4822 1
108 596
386 36
140 347
2497 1
161 241
18977 1
8803 1
322265 1
1784 3
4141 1
3386 2
8100 1
1029 6
59 2099
54 2524
1463 3
20319 1
1090 5
6177 1
24185 1
2972 1
3446 2
112 541
105 573
179 191
40175 1
106 559
9676 1
126677 1
1756 2
142114 1
437 895
3712 1
298758 1
5101 2
14 37446
4728 1
3775 1
3831 1
29266 1
1281 5
6368 1
118282 1
9860 1
973 7
305219 1
1153 2
77458 1
5166 1
79 1061
1188 4
213 189
5300 1
19 20633
2140 1
7227 2
156 264
1489 3
11663 1
2235 3
1862 1
6949 2
214 328
49711 1
594 16
448250 1
420 57
2777 2
4170 1
90649 1
21431 1
1083 8
1259 7
150 269
40219 1
1909 1
22257 1
37518 1
18665 1
921 6
590 12
20938 1
67 2788
4169 1
34691 1
100687 1
253 91
1590270 1
1652 5
1292 3
21640 1
7498 1
427 40
376 42
10550 1
5177 1
90 852
5116 1
29 8725
894 8
21242 1
2734 1
5464 2
377 43
3005 1
23353 1
64 1824
174 219
715 19
2876 2
231791 1
2416 1
12590 1
10 78595
2601 2
3085323 1
551 22
1600 3
4223810 1
10240 1
35675 1
66 1659
122 464
30644 1
888 9
612 10
422833 1
283 63
2640 2
1075 8
87 903
5210 1
123 413
241 117
198634 1
14788 1
103 598
709 14
157 238
2514 2
116 506
186319 1
4830 1
7 148033
2125 2
12299 1
514 28
5187 1
100 673
7500 1
2413 3
5143 2
56 2346
790 7
1872 3
2708 1
12882 1
3454 1
1115 6
6 207800
547 16
5186 1
99 687
1349 2
286221 1
115239 1
13499 1
11888 1
1714 3
4302 2
1945 3
3936 1
1579 3
2176 3
7263 1
192 152
1797 2
6884 1
5695 1
608 16
7306 1
2219 1
12393 1
25444 1
9 90455
2366 1
9543 1
115 593
2472 2
671 13
2155 1
12329 1
1693 2
1303965 1
130 430
1520 6
2894 1
18155 1
1528 3
226 125
10400 2
1022 7
1986132 1
1538 5
266 106
877 10
1986 2
9992 1
54775 1
5937 1
850 8
657 9
10831 1
7381 1
17555 1
32816 1
1470 2
16731 1
232 131
7877 1
2790 3
38399 1
12964 1
1179 4
806 12
5893 1
45738 1
955 3
15097 1
294 64
1534 4
1161 3
6248 1
1999 1
19743 1
3244 1
887 5
1762 2
52632 1
778 9
288 65
7918 1
441606 1
72065 1
847 5
155 258
461 32
2072 1
7159 1
12246 1
282 75
4996 1
3609 1
197 147
5284 1
5657 1
570 17
44105 1
5935 1
848 9
708 8
97361 1
10898 1
724 18
181 189
2461 3
104 632
5191 1
477 24
12954 1
3750 1
3377 1
8464 1
37002 1
1393 4
1586 6
321 57
1430 3
238 130
5325 1
611 14
889 8
2142 1
7229 2
158 262
4126 1
14300 1
575 20
5121 1
35643 1
34 6730
36 5853
1686 2
577 17
3401 1
3028 1
8115 1
20235 1
3736 3
1217 3
1871 4
3510 1
34032 1
1034 11
203306 1
1275 4
11449 1
7813 1
38335 1
2980 3
5710 1
623 19
629 14
256 98
5343 2
7281 1
2194 1
254 94
4968 1
1700 7
42396 1
444 26
224272 1
357 47
2714 2
5071 1
2936 1
33458 1
5547 1
460 35
4993 1
208473 1
1057 9
3041 1
8128 1
2663 1
1554 2
50 3096
2407 3
238485 1
1293 4
21641 1
2609 1
252 95
12534 1
2990 2
2797 1
12971 1
528 17
5550 1
463 28
690499 1
2427 1
70 1549
1907 5
3016 2
668 10
2903 3
557386 1
136381 1
4269 1
1912 3
3618 1
8705 1
1645 4
2754 3
397 36
49 3196
582 17
561 20
8 113898
549 15
2906 1
109 517
2093 1
7180 1
571 20
24645 1
4297 1
607 18
10781 1
7333 1
2246 1
96526 1
28 9546
546 21
3873 2
9418 1
3222 1
455965 1
2421 1
48204 1
12849 1
32 7281
2480 2
867270 1
538 25
216 142
4114 1
11571952 1
1438 4
5422 1
335 58
474 22
3098 2
741 11
1338 2
67469 1
6425 1
2273 2
55 2452
7126 1
1626 2
2752 2
333407 1
5238 1
151 275
4865 1
1984 1
22332 1
3780 2
1423 4
639237 1
490 19
857 15
6242 1
1155 7
901 12
36510 1
46 3507
171 243
925077 1
1354 4
5332 1
245 112
29773 1
431646 1
315 65
6102 1
1015 3
2092 1
4449 1
307 71
1595 6
428903 1
1111 5
2 1977136
545 22
3328 1
111915 1
1 7809545
9739 1
311 64
8970 1
1899 4
3113 2
501639 1
1955 1
60118 1
1193 3
3147 2
23495 1
2028 1
37637 1
2133 5
5734 1
647 19
2258 3
12432 1
2185 1
7272 1
388797 1
2598 1
231513 1
527 24
1030 4
77335 1
4268 1
3237 2
420371 1
825 5
60 1991
2454 1
97 656
18953 1
180 180
860 14
65231 1
4187 1
75 1261
22 15704
7785 1
470 26
5557 2
843 10
1121 5
12 51474
879 7
72097 1
1387 3
2501 2
1925 2
4307 2
375658 1
895 10
2405 3
343234 1
9978 1
185 1229
2542 3
89 865
287643 1
2446 1
2851 1
21314 1
966 5
23 14345
247 119
170 203
234 152
69394 1
1041 4
15959 1
698 16
4 470193
7075 1
5092 2
5 293714
2362 1
86 924
2443 2
379 51
16 29477
485 26
10530 1
356 58
5070 1
4303 1
9390 1
827 5
11001 1
21175 1
2174 1
518 22
2129 1
12303 1
2031 1
108858 1
1683 4
520557 1
25983 1
548 19
1405 1
6492 1
16666 1
167 234
3818 2
1461 4
853 5
5940 1
5204 1
117 518
43368 1
942 7
20079 1
1636507 1
3580 1
1171 3
1701 1
32223 1
2280 2
62 1899
2419 3
5120 1
33 7011
1494 6
3061 2
8148 1
479 22
41175 1
1106 7
277 79
4991 1
2634 1
436 101
20784 1
1928 2
18 23044
1629 2
27064 1
11803 1
1453 5
31975 1
1334 5
8405 1
6252 1
1165 3
252039 1
12950 1
5580 1
493 30
336235 1
199 162
22904 1
2556 2
2296 1
37905 1
5280 2
193 163
5122 1
35 6090
14006 1
649 14
2674 3
12848 1
1063 6
17208 1
1947 1
560 11
1689 1
47472 1
332 47
2689 1
5380 1
293 65
4004 1
19265 1
5496 1
409 47
876 15
5041 1
327 51
2259 1
688 16
14830 1
11687 1
16774 1
275 75
3466 2
2357 2
5226 1
139 341
14864 1
722 12
452 22
46235 1
1452 4
6087 1
1000 6
30 8183
2014 2
7101 1
3542 2
95861 1
1475 2
37084 1
33895 1
897 8
524 20
5611 1
432 38
10606 1
805 9
5892 1
1178 6
8249 1
15 32972
90835 1
9443 1
14157 1
2372 1
230 119
2146944 1
81 1071
4517 1
1298 5
189 172
7228 1
2141 2
29408 1
24321 1
32720 1
219 138
212 164
2269 1
10636 1
462 34
12247 1
51 2785
949 9
61993 1
2116 2
6908 1
1821 2
712 17
2062 2
3171 2
56771 1
814 8
45661 1
789 16
1918 2
2283 2
5152 1
65 1688
5693 1
606 19
352 41
35961 1
738 11
112652 1
4230 1
643 19
2373 2
43069 1
48 3332
2762 1
94328 1
1023 8
67154 1
1039 4
1734 1
200127 1
7181 1
27529 1
3118 1
18379 1
10625 1
451 30
694 16
21042 1
5274 1
187 178
10480 1
306 65
30828 1
7299 1
12386 1
10029 1
601 8
173 196
438 482
15699 1
1282 6
200 153
1458 8
2374 1
12548 1
5850 1
763 8
3649 1
19275 1
419 66
320767 1
286 93
3819 1
115733 1
240 111
175 205
142127 1
707 7
4611 1
797 14
1906 2
80942 1
804 9
58 2280
10232 1
4917 1
40526 1
457 26
63 2615
28237 1
3646 1
13820 1
512 30
2869 1
1608 5
6695 1
1187780 1
41 4516
2025 1
7112 1
564 13
361741 1
9218 1
769 14
383 49
20731 1
45 3558
1738 1
11912 1
57 2354
4771 1
3053 1
13227 1
613 18
4663 1
25011 1
4144 1
166 446
203646 1
5253 1
539 18
1031 8
26466 1
543 26
5630 1
5307 1
220 135
239 125
659 11
5746 2
634 15
5140 1
10227 1
53 2679
1238 5
94394 1
114 440
129 417
368 50
20 18871
4734 1
1068 5
94 723
1791 3
1418 6
6505 1
15943 1
682 13
2782 5
1901 2
78206 1
469 31
1578 2
24871 1
3658 2
1301 3
473 36
333 52
298 74
2516 4
159 231
701 12
5788 1
1074 6
351 49
1460 4
9050 2
126 420
1500 1
16761 1
262 103
1992 3
42688 1
278 77
963 1
6050 1
1336 4
13677 1
3503 1
8590 1
1550 4
21898 1
685 12
550 18
102290 1
1371 2
134 401
1447 8
1929 2
12103 1
17190 1
691 13
555 18
2122 3
7209 1
138 325
969 11
991 6
1189 2
183065 1
80 1248
1730 2
621 18
5576 1
489 20
499 23
418 61
2647 1
1025134 1
48642 1
3173 1
816 15
169 371
43 4022
10638 1
464 31
372 51
2729 3
24782 1
1226 4
31748 1
1107 9
1050 9
36361 1
752 8
904 9
3261 2
338864 1
3122 1
765 9
49314 1
69662 1
1187 5
4027 1
380465 1
5165 1
78 1213
5160 1
279858 1
73 1240
4787 1
13630 1
322 60
10212 1
5125 1
38 5303
2395 1
756 10
1621 3
21969 1
1865 3
10245 2
71 1295
42 4240
2324 3
148 307
2505 1
24 13161
224 124
137 343
1748 2
11922 1
168 241
11953 1
25 11970
826 11
26261 1
334 49
5841 1
16015 1
754 12
782 13
143 334
4857 1
4579 1
2222 3
861 8
14348 1
206 158
5395 1
308 71
1919 1
12093 1
96 733
215 179
30737 1
204 152
2561 3
3306 2
576 20
5663 1
507 24
516 22
168440 1
569 25
1227 5
6314 1
2334 2
1749 1
17010 1
439 43
6461 1
1374 1
625 18
706 9
49741 1
3958 1
744 15
2355 1
12529 1
337 59
5750 1
663 13
676 16
10850 1
2216 2
17477 1
4205 1
1848 3
3629 2
8343 1
3737 1
841 7
95 785
10269 1
369 52
330 56
9012 1
19186 1
859 10
399 38
26 11086
5113 1
7679 1
2592 1
10409 1
235 139
45018 1
413 56
1394 4
2112 1
907 4
6910 1
1823 1
702 11
10130 1
875 4
1047 7
1867 1
3851 2
151374 1
8938 1
21332 1
984 5
556 29
496 25
2853 1
1536 3
4221 1
1864 2
1684 3
2658 1
301 54
10171 1
5084 1
430 37
2745 1
388 35
147 291
35756 1
2758 1
1650 3
26737 1
1302 1
1522 3
384 47
11 61586
5098 1
945 4
3416 1
686 16
5773 1
1007 8
362 48
127 692
5214 1
500 15
923 9
12056 1
1882 2
910 14
1066 10
498 33
2067 1
2932 1
38541 1
23280 1
675 15
3032 1
28959 1
767 13
378 51
163 245
10337 2
909 9
1853 3
374 40
840 7
1117 4
1812 2
1439 3
16700 1
6526 2
1658 1
6745 1
9129 1
6772 1
119 478
81511 1
997 7
25041 1
995 6
6082 1
5791 1
704 14
454 33
2811 3
297 49
899 14
4099 1
757 16
8266 1
449 28
10623 1
1329 4
72 1426
40768 1
699 13
652 16
5972 1
885 7
1147817 1
3242 1
1555 4
2606 1
13458 1
28719 1
435 56
2567 2
43263 1
91 844
10265 1
837 10
2036 1
27471 1
17297 1
798 9
1087 8
3993 1
13421 1
27071 1
1636 4
170683 1
915 9
267 222
2624 1
195 144
2985 1
628 15
353 49
924 8
3349 1
431 34
142 334
5229 1
515 28
5017 1
24746 1
272 80
5359 1
645 8
19486 1
630 13
110302 1
3475 1
5296 1
209 172
15470 1
753 13
403 41
1742 3
11916 1
6829 1
1319 4
651 16
3606 1
5308 1
221 115
9649 1
2578 1
1792 4
999 11
348 62
18384 1
3123 1
766 13
225 133
5731 1
644 13
2832 1
475 24
1100 8
1044 6
6131 1
382 37
4075 1
1718 2
7465 1
394 41
5578 1
491 31
17736 1
7562 1
75346 1
2279 1
578 15
1863 1
12344 1
2836 4
1758 3
6845 1
3762 1
2541 4
184 368
3255 1
898 7
2019 1
7106 1
52889 1
1035 7
2171 5
596 15
2143 1
11350 1
1176 3
6263 1
1549 5
18409 1
1289 3
6376 1
1287 5
1382 2
21730 1
144 336
5231 1
517 24
2874 2
236 141
2593 1
22214 1
1866 4
1444 2
4371 1
851 19
8295 2
3208 2
2104 1
231 159
669 13
10843 1
1415 6
3772 1
20947 1
599 18
110 527
5197 2
339 43
846 6
8239 1
23500 1
679 9
117536 1
535 32
162 228
5249 1
552 18
1036 2
66541 1
410 55
2111 1
52981 1
22459 1
4593 2
1902 1
255 87
1956 3
26901 1
1466 4
207 159
2564 1
1055 4
6142 2
5954 1
867 5
408 45
51278 1
14444 1
302 62
125 428
4839 1
534 21
132553 1
291 65
1045 6
8964 1
13678 1
1893 2
6566 1
1479 3
363 47
1105 3
3462 1
1404 1
6491 1
30061 1
6864 1
1777 4
456 21
839 8
494 22
10668 1
1240 4
344 46
4627 1
79892 1
8674 2
1230 6
92796 1
6317 1
11524 2
1350 2
3092 1
33614 1
616 16
532 18
10706 1
1267 6
1674 2
592 21
2652 1
5382 1
295 71
5493 1
406 53
34384 1
18542 1
8368 1
31819 1
1297 1
1695 2
3160 1
3695 2
110522 1
2100 2
208 165
4922 1
45774 1
20339 1
1521 4
6608 1
1183 6
35339 1
13694 1
11111 1
937 9
922 4
11096 1
6755 1
1668 4
1477 4
4594 1
1098 9
110362 1
3535 1
18796 1
1323 4
504 27
6524 1
1810 2
1840 2
2271 1
10105 1
495 27
205 143
2692 1
7779 1
8083 1
2159 2
772 20
1019 7
1681 1
6768 1
4105 1
3357 1
13531 1
17107 1
1846 1
1390 1
3811 2
642 12
6619 1
1532 3
441 33
944 6
128119 1
11118 1
8269 1
1137 6
6224 1
1166 5
6253 1
2945 1
10016 1
77 1224
542 17
14684 1
3168 1
41507 1
811 12
7099 1
2012 1
737 11
5824 1
15998 1
5641 1
10728 1
554 19
41250 1
340 58
1143 4
3500 1
1215 3
586 15
76891 1
2834 1
79139 1
83857 1
1362 3
86155 1
11201 1
6114 1
1027 9
1619 2
1268 2
8339 1
1413 3
22014 1
1666 3
1203 5
2833 2
7920 1
5936 1
849 6
3321 1
964 8
5862 1
775 20
5100 1
13 43661
15274 1
1132 6
605 17
795 12
149 318
579 15
3055 1
33577 1
1315 5
617 21
2977 1
620 19
417 56
44 3909
5131 1
45125 1
342 49
476 25
102 648
881 9
505 26
2862 1
1304 4
6391 1
5442 1
355 51
10350 1
176 217
5251 2
164 232
2521 4
1868 3
1241 6
1995 2
6393 1
1306 5
1046 2
15792 1
531 22
160 248
2517 1
5239 1
152 257
1763 2
1146 8
93 754
4807 1
905 13
447 22
130213 1
3038 2
5768 1
681 16
597 16
1661 2
313 54
3602 1
341 57
2722 2
5079 1
2047 2
771 16
4584 1
191 161
777 12
882 8
15926 1
665 19
1696 2
6783 1
72914 1
6012 1
925 4
154 261
23724 1
2511 2
2118 2
703 15
76 1210
40772 1
182 215
1735 3
5310 1
223 123
3286 1
929 12
10596 1
422 53
9097 1
4010 1
1247 3
364 48
4112 2
4198 1
6928 1
1841 2
6681 1
1594 3
11976 1
1802 5
3433 2
1076 4
260 109
1294 3
3860 1
19064 1
3803 1
1446 3
10442 1
268 435
760 9
26195 1
15156 1
4982 1
721 11
1512 3
2002 2
6617 1
1530 5
3746 1
371 45
5571 1
484 31
742 12
872 8
745 8
746 12
5491 1
10578 1
404 51
1425 1
584 17
62135 1
1091 3
329 55
1384 6
1492 4
440 35
467 31
5337 1
250 76
1156 5
502 26
5941 1
854 11
773 11
3130 1
4622 1
2265 3
3143 1
786 9
412 53
1312 2
1496 1
6583 1
4226 1
433 24
391 31
4045 2
1952 2
5415 1
328 50
2902 1
7989 1
21266 1
918 9
312 75
246 112
8490 1
111 518
15372 1
2630 1
273 81
6013 1
11100 1
926 8
624 13
2076 2
5546 1
459 36
2816 1
1740 2
5655 1
568 16
981 4
1570 3
4595 1
6222 1
1135 8
1806 2
8877 1
4163 1
1488 4
1290 4
381 35
261 93
4098 2
3271 2
914 10
1750 2
62145 1
1101 3
2106 2
1001 8
17339 1
2078 2
3614 2
1257 7
11743 1
1569 5
1804 2
503 26
2860 1
6938 1
1851 1
731 9
2164 3
9235 1
31103 1
581 27
74156 1
8025 1
2938 1
562 20
5741 1
654 16
3972 1
1199 6
33737 1
8302 1
5701 1
614 21
492 23
541 18
19689 1
9515 1
4428 1
1157 7
2976 1
619 16
289 71
1124 8
6211 1
751 12
10925 1
15984 1
723 15
12854 1
6156 1
1069 5
385 40
12170 1
956 8
943 6
6489 2
1402 4
1367 8
566 23
15827 1
3033 1
303 76
5390 1
2679 1
7766 1
695 14
2277 2
18917 1
3656 1
5596 1
509 32
6199 1
1112 5
472 29
673 9
1016 7
919 3
1058 6
3662 1
1850 3
281 75
1896 2
1296 4
591 21
4560 2
4257 1
10417 1
243 125
631 14
10523 1
349 48
1493 5
360 59
870 6
1917 4
132 398
2489 1
1457 3
42448 1
1752 2
9531 1
4444 1
34966 1
458 19
2933 2
190 174
4657 2
536 20
2003 1
1357 5
3714 2
2152 1
834 12
434 44
6916 1
12003 1
22177 1
1829 3
274 72
563 12
770 7
799 10
1261 2
1577 2
3435 1
1078 5
1641 4
354 47
2944 2
8031 1
7048 1
1961 2
210 159
15641 1
380 38
7451 1
822 12
1337 3
6424 1
1589 3
8660 1
1206 5
8865 1
1794 1
8482 1
446 39
812 11
299 70
1005 5
506 23
1243 7
6861 2
1774 3
304 70
5584 1
497 22
1370 7
6457 1
1997 2
6791 1
1704 3
1088 11
8159 1
3812 1
488 24
338 58
41034 1
11145 1
971 9
46754 1
1789 3
9282 1
720 10
1125 3
1915 1
791 6
445 31
5532 1
5863 1
776 15
1048 4
6167 1
1080 3
5540 1
453 23
41149 1
1065 10
3422 1
1003 8
1095 2
774 13
1542 3
747 15
3104 3
735 16
5907 1
820 10
1269 3
6356 2
4095 1
4707 1
1109 7
6196 1
20164 1
9158 1
1218 4
269 79
5281 1
194 172
24481 1
9220 1
4294 2
487 17
2844 2
4079 2
1481 2
1108 4
6195 1
6507 1
1420 2
4426 1
6301 1
11388 1
1214 3
1590 1
1491 5
1017 6
6104 1
16278 1
4493 1
1327 5
1721 3
5687 1
600 19
1330 2
11228 1
1054 5
1209 5
173353 1
395 41
15870 1
609 16
2117 2
146 315
1635 2
953 13
787 7
648 17
674 9
1221 5
1816 6
2308 1
27743 1
5689 1
602 24
1009 7
3366 1
3115 1
336 52
1958 2
9100 1
1025 5
785 9
1517 3
1480 4
1277 5
5757 1
670 17
3708 2
4481 1
32649 1
7214 1
2127 1
2690 1
12864 1
33687 1
3165 2
880 7
31402 1
4590 2
1933 3
1604 3
6691 1
1772 2
2113 1
917 3
11813 1
1639 2
39687 1
1602 3
6689 1
30220 1
1936 1
2401 1
58358 1
9069 1
16981 1
1720 2
6895 1
1808 4
4165 1
1092 8
6179 1
11266 1
844 14
2725 1
12899 1
1667 2
22015 1
852 6
1213 6
521 16
5608 1
4446 1
14969 1
1708 2
44684 1
520 30
1932 2
871 8
2316 2
1744 3
5978 1
891 7
375 44
6366 1
1279 5
3 862464
5090 1
823 17
1180 3
2016 3
6019 1
932 6
1454 1
42150 1
809 11
41505 1
3793 2
1094 5
21442 1
3193 1
7907 1
836 8
1551 3
3634 2
13808 1
5955 1
868 11
1200 3
11682 1
1508 2
6595 2
1881 4
3346 2
574 25
1429 6
1184 1
2056 3
585 16
10759 1
1653 5
6740 1
2065 1
1803 3
1061 9
1205 3
13199 1
13197 1
11477 1
483 24
10657 1
5553 2
466 35
2110 2
32767 1
2245 1
8458 1
13545 1
655 13
2243 2
7330 1
22591 1
793 12
1395 1
6482 1
1827 4
2970 3
8057 1
2795 1
1167 7
36776 1
1486 3
8322 1
83567 1
2175 1
22523 1
3667 1
6080 1
993 6
6115 1
1028 6
21385 1
1037 8
361 39
510 26
7029 1
1942 4
1280 1
1916 4
1949 2
998 3
6281 1
1194 1
4445 1
513 32
20861 1
1011 5
658 16
6486 1
1399 3
2290 1
41904 1
1208 4
661 8
2114 3
1583 2
1073 6
1352 3
869 6
5956 1
970 6
762 12
1081 6
2940 2
11074 1
900 6
